[6, 15, 7, 20, 8, 15]
[19, 16, 3, 12, 15, 19, 9]
[17, 13, 7, 12, 0, 3, 18, 19]
[2]
[20, 7, 7, 20, 3, 3, 9, 4]
[8, 19, 7, 6, 1, 9]
[4, 12, 10, 7, 14, 6, 4, 18, 15]
[8, 7]
[12, 13, 9, 5, 9, 12, 20, 7]
[8, 4, 4, 6, 13, 4, 3]
[16, 3, 11, 1, 2, 7, 0, 2, 20, 1, 12, 8, 5, 7, 8]
[5, 8, 18, 6, 1, 20, 17, 20, 5, 0, 16, 4, 3]
[9]
[1, 18, 10, 5, 15, 16, 3, 6, 17]
[14, 10, 5, 5, 5, 6]
[10, 0, 16, 10, 7, 15]
[18, 6]
[7, 16, 3, 11, 14, 0, 9, 13, 10, 11]
[2, 20, 16, 15, 7, 12, 0, 1, 1, 19, 20, 19, 7, 18]
[13, 2, 14, 9, 4, 15, 17, 4, 16, 18, 4, 19, 18, 4]
[3, 16, 13, 13, 0, 13, 8, 8, 15, 16, 15, 7, 6]
[2, 14, 19, 7, 0, 18]
[1, 10, 20, 2, 12, 9, 18, 4, 9]
[20]
[20, 2, 2, 10, 0, 8, 4, 18, 20, 11, 13, 15, 1, 19, 15]
[5, 17, 4, 11, 17, 17, 9, 16, 9]
[17, 14, 1, 9, 12, 8, 15, 11]
[11, 13, 20, 3, 17, 19, 11, 12, 2]
[9, 4]
[2, 18, 16, 16, 7, 9, 1, 11, 14, 9, 13, 2, 3, 2]
[20, 6, 15]
[2, 14, 6, 13, 6, 13]
[12]
[2, 11]
[18, 1, 1, 8, 7, 5, 16]
