0.000847866802239418
0.0020966467503411427
0.0028223079562425617
0.00012121466052532196
0.0008984859619923999
0.0007134639107465744
0.0011866447874572543
0.0002184335396528244
0.0009863641367197037
0.001039993138902528
0.0031259023192485177
0.0028089269587626823
0.00010999212834835053
0.0010505497436364493
0.0008085157342672348
0.0006699264139522205
0.00024173724060058596
0.0013888871989250183
0.00231338698350702
0.0031541152283021388
0.0021864836715111365
0.0011406613122145334
0.001447775677726004
0.0001088091318497291
0.002480555406006177
0.0010590380723661847
0.0012423166822433474
0.001183323533569442
0.00021421728718280792
0.0030374786716256823
0.0006869399695555369
0.0006927098793608801
0.00011278988735675812
0.000342081404042244
0.0017990704145806175
