1.0292019844055176
1.0432019233703613
1.0692369937896729
1.0534253120422363
0.9373540878295898
2.1329336166381836
0.9979598522186279
2.1534364223480225
2.1400938034057617
2.1111738681793213
2.200106620788574
2.0290415287017822
2.124423027038574
2.0794830322265625
2.0999581813812256
2.0248775482177734
2.032693862915039
2.108588218688965
2.1179707050323486
2.2610020637512207
2.205888032913208
1.0386860370635986
0.9664006233215332
1.0622308254241943
1.0420634746551514
1.041747808456421
1.0284042358398438
1.001267910003662
1.0503497123718262
1.0086069107055664
1.0344436168670654
1.0692245960235596
1.0224649906158447
1.0693399906158447
0.9563777446746826
0.9618072509765625
1.0175848007202148
1.0633916854858398
1.0213623046875
1.1424388885498047
1.0414505004882812
1.11985445022583
1.0771238803863525
1.0772240161895752
1.14583420753479
1.0095336437225342
1.0376410484313965
1.1028757095336914
1.0829110145568848
1.0343656539916992
1.0894181728363037
1.0674631595611572
1.0311448574066162
0.9955403804779053
1.0484158992767334
1.1059696674346924
1.1459319591522217
1.013298749923706
1.0427756309509277
1.0756824016571045
1.0559422969818115
1.089566707611084
1.2578577995300293
1.109372854232788
1.2339568138122559
1.1132652759552002
1.246824026107788
1.1288230419158936
1.187615156173706
1.2008056640625
1.2683992385864258
1.2088282108306885
1.281104326248169
1.2610485553741455
1.1664934158325195
2.2292847633361816
2.4882094860076904
1.1251752376556396
1.3622758388519287
1.1554596424102783
1.1504266262054443
1.149174690246582
1.1765861511230469
1.2473652362823486
1.1272881031036377
2.226846933364868
2.120697021484375
2.2073442935943604
2.2778255939483643
2.337928533554077
0.9425203800201416
1.1000299453735352
1.0433788299560547
1.1001691818237305
1.0893471240997314
1.0589115619659424
1.0688672065734863
1.0653903484344482
1.0752449035644531
1.0930602550506592
0.9965999126434326
1.0740807056427002
0.9700016975402832
1.0215449333190918
0.9816291332244873
1.018496036529541
1.08402681350708
1.113123893737793
1.0936269760131836
1.0733182430267334
1.0932390689849854
1.0427889823913574
1.0441961288452148
1.0272455215454102
1.0588645935058594
1.1070218086242676
1.0995092391967773
1.039848804473877
1.1549289226531982
1.1590113639831543
1.0617806911468506
1.0703215599060059
1.0810389518737793
1.1296882629394531
1.232344388961792
1.163215160369873
1.2663352489471436
1.2144787311553955
1.2259104251861572
1.1369409561157227
1.1777448654174805
1.2124886512756348
1.1080141067504883
1.2661206722259521
1.1575913429260254
1.1676437854766846
1.2482414245605469
1.1710002422332764
1.0594031810760498
1.060633897781372
1.0759336948394775
1.1425080299377441
1.2483816146850586
1.2154219150543213
1.1887192726135254
1.2999191284179688
1.2139439582824707
1.0517332553863525
2.242366313934326
2.1864137649536133
2.3496782779693604
2.35929799079895
1.132021427154541
1.1371738910675049
1.2315664291381836
1.2275011539459229
1.2089989185333252
1.0989196300506592
1.0941665172576904
1.1101505756378174
1.0670852661132812
1.1558618545532227
2.140237331390381
2.330263137817383
2.2041993141174316
1.019981861114502
1.05064058303833
1.0450353622436523
1.0719788074493408
2.1908445358276367
2.1743404865264893
1.0402641296386719
1.184661865234375
1.0422277450561523
1.072037696838379
1.033975601196289
1.047480821609497
1.1064856052398682
2.1753532886505127
2.139720916748047
0.9026346206665039
1.2456762790679932
1.1589128971099854
1.1597192287445068
1.2884001731872559
1.2128286361694336
1.2481966018676758
1.272003412246704
1.2344412803649902
1.0751299858093262
1.1004703044891357
1.1989426612854004
1.0809893608093262
1.179124355316162
1.1076278686523438
1.1515722274780273
1.0719168186187744
1.0717604160308838
1.0223796367645264
1.0711820125579834
1.0431466102600098
1.0426783561706543
1.0761017799377441
1.0813934803009033
1.0479249954223633
1.075599193572998
1.0687708854675293
1.1175734996795654
1.0744140148162842
1.0066337585449219
1.0557188987731934
1.0801665782928467
2.1365773677825928
1.027555227279663
1.0812783241271973
1.0659880638122559
1.0959956645965576
1.083482027053833
1.03023099899292
1.0409698486328125
1.0035409927368164
2.2176766395568848
1.0094428062438965
0.9982168674468994
1.1739718914031982
1.2276663780212402
1.2061665058135986
1.1905956268310547
1.1582667827606201
1.0979714393615723
1.2064790725708008
1.173844575881958
1.1425607204437256
2.2723031044006348
2.176819086074829
2.321234941482544
2.3693199157714844
2.273027181625366
0.9426331520080566
2.1460702419281006
2.062058687210083
1.0439465045928955
1.0508685111999512
1.0726749897003174
1.0930144786834717
0.9899685382843018
1.0723450183868408
0.9664943218231201
1.0371077060699463
1.014970302581787
1.0327696800231934
1.0416038036346436
1.0603468418121338
2.2561733722686768
2.040693998336792
2.1907923221588135
2.1814374923706055
