18.25583052635193
21.224323511123657
24.055127382278442
9.066197156906128
30.28349542617798
22.342042446136475
24.640244245529175
9.855104923248291
21.914139986038208
16.903245210647583
33.2161762714386
38.16833209991455
7.073714971542358
29.81669783592224
15.909393787384033
23.87544059753418
15.193707942962646
24.856781721115112
34.9963960647583
33.46350383758545
37.94499182701111
18.09715437889099
26.955763339996338
16.262858390808105
34.19708228111267
26.909722566604614
20.640556573867798
26.995508432388306
10.136584997177124
38.09260153770447
9.690912246704102
19.449225902557373
7.056690216064453
4.618738174438477
19.1805260181427
