0.0012937204757452012
0.004643450307072913
0.001132402460360527
0.0001068582489490509
0.00020435624046325683
0.0010728412397384645
0.00024912099945545197
0.002318248872025196
0.0036064402333259586
0.0016985794650316239
0.004093274371823897
0.0008487648040294648
9.850214266777038e-05
0.00010654764425754547
0.0030188787934848247
0.001524388496885981
0.0003283400314807892
0.0003066962360223134
0.0028468801161289216
0.0036332368387699127
0.0003478392335414887
0.00027876992044448853
0.0026111124719491374
0.004170412743830681
0.0017192793296813965
0.00010227547736962636
0.00031657069931824997
0.00011301031968934195
0.0006224384408076603
0.0020395510152284918
0.00101763620967865
0.002484844887018204
0.0001202997699022293
