1.0325689315795898
1.078653335571289
1.071479082107544
0.9871881008148193
1.0269873142242432
3.81219220161438
1.023484468460083
1.053311824798584
1.0789756774902344
1.2087187767028809
2.195486068725586
2.1693875789642334
2.1989595890045166
2.215625047683716
2.2040250301361084
2.3066067695617676
2.416743040084839
2.1951637268066406
2.3002307415008545
2.2140116691589355
2.1636791229248047
2.234502077102661
1.1081194877624512
1.1135170459747314
1.1246278285980225
1.0552217960357666
1.0446341037750244
1.082756757736206
1.0546860694885254
1.0991342067718506
1.0208370685577393
1.0255110263824463
0.9323177337646484
0.9829235076904297
1.0247125625610352
0.9921023845672607
1.0713624954223633
1.1054728031158447
1.0077838897705078
1.020843267440796
1.083223581314087
0.9982237815856934
1.0567247867584229
1.0779881477355957
1.149993896484375
1.2317757606506348
1.1504433155059814
1.1784453392028809
1.2287471294403076
1.1424667835235596
1.1353423595428467
1.1791691780090332
1.2571823596954346
1.136690378189087
1.1289567947387695
1.2063109874725342
1.1951179504394531
2.0531516075134277
2.1347193717956543
2.149440050125122
2.1633708477020264
2.0573620796203613
2.6548874378204346
2.078075885772705
2.098806858062744
2.057490110397339
2.1870102882385254
1.081967830657959
1.0565972328186035
1.030224084854126
1.032494306564331
1.048677921295166
1.0607566833496094
2.127373695373535
2.1568191051483154
2.1412510871887207
1.1362507343292236
1.074836015701294
2.2447426319122314
2.110260486602783
2.2558796405792236
2.255974531173706
2.2988369464874268
2.1032216548919678
2.2744362354278564
2.3609395027160645
2.3470098972320557
2.3499698638916016
2.2389187812805176
1.049828052520752
1.0391364097595215
1.0163395404815674
1.0928869247436523
1.0056383609771729
1.0066263675689697
1.0625932216644287
1.0741782188415527
0.9985721111297607
1.2204921245574951
1.2356576919555664
1.1795475482940674
1.1207709312438965
1.19557785987854
1.250330924987793
1.160137414932251
1.1437363624572754
1.2472822666168213
1.1574172973632812
1.2071690559387207
2.3635904788970947
2.1751067638397217
2.150242567062378
1.151672601699829
1.024864912033081
1.0392377376556396
1.0304739475250244
2.2282845973968506
2.1387734413146973
2.4227042198181152
0.9900755882263184
1.0440809726715088
1.04306960105896
1.0027003288269043
1.0274624824523926
1.0357775688171387
1.0777065753936768
1.0705335140228271
2.205963373184204
2.047088146209717
2.2079691886901855
2.102836847305298
2.165609359741211
2.1455559730529785
2.0546021461486816
1.1659691333770752
1.2267813682556152
1.2171039581298828
1.0991508960723877
1.2223937511444092
1.1198413372039795
1.1350250244140625
2.3420603275299072
2.2237510681152344
2.282392978668213
2.2114875316619873
2.1986567974090576
2.3340811729431152
2.053050994873047
2.1137678623199463
1.000042200088501
0.9943804740905762
0.9862048625946045
0.9760878086090088
1.0417134761810303
1.0222196578979492
1.1719720363616943
1.2020022869110107
1.1197874546051025
1.1038506031036377
1.1980030536651611
1.1083791255950928
1.202737808227539
1.1814327239990234
1.0805575847625732
2.2286646366119385
2.12634015083313
2.1878154277801514
2.2975919246673584
1.200171947479248
1.1294660568237305
1.2341513633728027
1.2357263565063477
1.212123155593872
2.185856580734253
2.117067337036133
2.290891408920288
2.2349584102630615
2.31555438041687
2.2815909385681152
2.253108263015747
2.1449310779571533
2.359724283218384
2.2328498363494873
1.0162718296051025
0.9884886741638184
1.0493698120117188
2.857274293899536
1.0283164978027344
2.16082501411438
2.0210964679718018
2.1854729652404785
1.022413969039917
1.0820884704589844
1.0564515590667725
1.0261120796203613
1.0315194129943848
1.030186653137207
1.0293359756469727
1.0596258640289307
1.074767827987671
1.0068562030792236
1.0215377807617188
1.1224603652954102
1.2259607315063477
1.1333694458007812
1.1835815906524658
1.1720354557037354
1.1247711181640625
1.102463722229004
1.1814930438995361
1.1879770755767822
1.1197340488433838
1.261106014251709
1.0668106079101562
1.1225733757019043
1.0894043445587158
1.0507698059082031
1.0506250858306885
1.0560076236724854
1.0579702854156494
1.043452262878418
1.0190820693969727
1.026423692703247
1.0572686195373535
1.1685283184051514
2.2283358573913574
2.073824882507324
2.080599069595337
2.1881070137023926
2.067023754119873
2.0804693698883057
1.030846357345581
