26.374565362930298
40.67672824859619
30.345720052719116
11.13770842552185
10.018141269683838
19.895883560180664
8.98994493484497
26.668675899505615
29.766993522644043
26.69679307937622
38.44029235839844
21.995909452438354
7.119512319564819
8.034414291381836
32.56082201004028
21.357390642166138
11.671575784683228
9.685565710067749
24.650023937225342
43.463902711868286
10.817120790481567
10.644599199295044
35.987550020217896
43.787614822387695
25.321722745895386
6.488614082336426
12.805602788925171
10.101315259933472
18.12221932411194
31.986604690551758
17.584177494049072
24.36395573616028
7.047459125518799
