[7, 23, 21, 7, 9, 24, 5, 21, 18, 19, 10, 3, 9]
[23]
[4]
[18, 0, 0, 16, 18, 9, 7]
[21, 16, 6, 9, 2, 22, 10, 5, 14]
[17, 6, 15, 5, 12, 7]
[2, 17, 18, 0, 23, 4, 13, 0, 16, 21, 18, 12, 1]
[21, 9, 8, 19, 21, 2, 20, 20]
[10, 21, 17, 21, 10, 8, 7, 10, 8, 17]
[18, 10, 22, 19, 3, 14]
[17, 15]
[17, 10, 18, 9, 4, 1, 24]
[17, 13, 23, 0, 9, 18, 23]
[7, 6, 13, 22, 18, 8, 20, 12, 15]
[5, 19, 4, 4, 11, 11]
[5]
[14, 22, 16, 9, 13, 18, 4]
[0, 21, 10]
[19, 2, 20, 21, 18, 5, 19, 9, 24, 12, 2, 21, 23]
[6, 9, 2, 17, 10, 21, 12, 21, 21, 7, 5, 6, 11]
[15, 2, 19, 24, 11, 8, 11, 17, 1]
[15, 7, 10, 1, 15, 4, 16, 15, 7]
[9, 14, 9, 6, 7, 21, 0, 23, 19]
[19, 12, 13, 24, 16, 10, 20]
[6]
[19, 21, 4]
[5, 12, 5]
[19, 13, 10, 8, 19, 2, 6, 5, 5]
[23, 15, 1, 22, 6, 1, 10]
[0, 11, 11, 20, 20, 16, 12, 0, 19]
[9, 13, 4]
[5, 1, 21, 16, 17, 19, 11, 5, 17, 6, 7, 0, 8]
[20, 23, 1, 9, 9, 6, 17, 15]
[10]
[22, 13, 23, 13, 0, 8, 23, 10, 19, 7, 13, 8, 19, 20]
[16, 13, 10, 0, 13, 8, 0]
[10, 1, 21, 1, 20, 6, 15, 16]
[12, 1, 18]
[23, 19, 9, 14, 8, 4, 15, 0, 24]
