0.004829934358382225
0.00035124649715423585
0.00011744977832635244
0.001016702345108986
0.002062639669534895
0.0007404441971540451
0.0035376911988240028
0.0022685256051063543
0.0027758722752571105
0.001078985766363144
0.00021903021309640673
0.0007776293439456395
0.001129040985270909
0.0018542431105454762
0.0015622424941142403
0.0001071606541633606
0.000815148233734237
0.0003375759592056275
0.0019587443377293073
0.0032336723444663564
0.0011539501383172142
0.0025959491103463707
0.002149984288814333
0.0009033450724942344
9.857459919886154e-05
0.0002876959645271301
0.0002801152372837066
0.0010449419822348488
0.0011071852197953634
0.001275688073213895
0.0003247406302452088
0.0033280369761742082
0.0019530409299612047
8.815668809413911e-05
0.003428551342320442
0.001039104239521708
0.0013538204036951066
0.0005485872964143754
0.0019624839065551757
