2.160449981689453
2.2355265617370605
2.2080912590026855
2.2358858585357666
2.1696081161499023
2.193875312805176
2.17231822013855
2.264099597930908
2.3056840896606445
2.3103837966918945
2.1467721462249756
2.2706737518310547
2.300442695617676
2.107057571411133
1.0567309856414795
1.0624616146087646
1.0493452548980713
1.0676538944244385
1.0465683937072754
1.0764071941375732
1.0012636184692383
1.0568506717681885
1.1162574291229248
1.0957090854644775
1.061471700668335
1.0783987045288086
0.9993650913238525
1.161329984664917
2.225499391555786
2.3309175968170166
2.1880366802215576
1.0331079959869385
1.1108243465423584
1.0480306148529053
1.0269744396209717
1.0551505088806152
1.0707638263702393
1.2538743019104004
1.17543363571167
1.2351138591766357
1.2000415325164795
2.240558385848999
2.1912081241607666
2.19740629196167
2.1585118770599365
2.2208337783813477
2.165484666824341
2.085648775100708
2.3107478618621826
2.196911096572876
1.0443148612976074
1.061753273010254
2.0782079696655273
2.002032518386841
2.057838201522827
2.20220947265625
2.1001288890838623
2.1650946140289307
1.099578857421875
1.0580451488494873
1.043447732925415
1.189436912536621
2.2512600421905518
2.139848470687866
2.1227409839630127
2.153446912765503
5.1596479415893555
2.0888547897338867
1.0045433044433594
0.9772706031799316
0.9715285301208496
1.0172417163848877
2.0336720943450928
2.0861144065856934
0.9822006225585938
0.9884800910949707
1.0630364418029785
0.9840176105499268
1.062027931213379
1.0177099704742432
0.9593942165374756
0.9997537136077881
1.0119938850402832
1.0748608112335205
1.0953783988952637
1.0599300861358643
1.0504508018493652
1.0337960720062256
1.0474114418029785
1.0458834171295166
1.0082926750183105
1.00380539894104
1.0993211269378662
1.110137701034546
1.1132853031158447
2.239469528198242
2.17822265625
2.0554563999176025
2.0953567028045654
0.9660062789916992
1.051814317703247
2.0142822265625
2.0486717224121094
2.151320457458496
2.1805410385131836
1.004317283630371
1.0347394943237305
1.0469372272491455
1.0357229709625244
1.0338327884674072
1.051227331161499
1.134140968322754
0.9975330829620361
1.0652947425842285
1.0700631141662598
1.028428077697754
1.1924161911010742
1.139714241027832
1.2166142463684082
1.1845738887786865
1.228109359741211
1.176624059677124
1.231534481048584
1.1248364448547363
1.14644193649292
1.1083531379699707
1.1337945461273193
1.198838233947754
1.1923837661743164
1.1412479877471924
1.0417242050170898
1.1324267387390137
1.1948347091674805
1.1085162162780762
1.1488757133483887
1.1496374607086182
2.290005683898926
2.19458270072937
2.1605920791625977
2.3092892169952393
2.3095672130584717
2.1891136169433594
1.0450122356414795
1.0115320682525635
1.0453040599822998
1.0227527618408203
1.0275993347167969
1.0432538986206055
1.039083480834961
1.03981614112854
2.1080825328826904
1.117166519165039
1.1073498725891113
2.133436918258667
2.1013078689575195
2.1872708797454834
2.1768758296966553
2.1137585639953613
2.887925148010254
2.1427173614501953
1.0648887157440186
1.0927801132202148
1.055417776107788
1.075580358505249
2.1556038856506348
2.0547070503234863
2.053656578063965
2.0165181159973145
2.311919927597046
1.0226922035217285
1.0307273864746094
1.0520734786987305
1.0474140644073486
0.9962131977081299
1.0086514949798584
2.0876519680023193
0.9564440250396729
0.9917769432067871
1.0718095302581787
1.0737740993499756
1.0688867568969727
0.9887814521789551
0.9970235824584961
1.0502116680145264
1.0481548309326172
1.0108447074890137
1.018266201019287
1.1105220317840576
1.07275390625
1.015521764755249
1.0285415649414062
1.0468406677246094
1.0895726680755615
0.981194019317627
1.0198581218719482
1.0359461307525635
1.023852825164795
0.9972038269042969
1.1166863441467285
1.083690881729126
1.0600342750549316
1.015500783920288
1.0762627124786377
1.0571651458740234
1.0541107654571533
1.0514311790466309
1.0970492362976074
1.0700242519378662
0.9907052516937256
1.0226619243621826
1.0301251411437988
1.2185683250427246
1.1807441711425781
2.7430832386016846
1.1888809204101562
1.240647792816162
1.091329574584961
1.0992281436920166
2.153120279312134
2.256300449371338
2.1984474658966064
2.306519031524658
2.3162896633148193
2.1788620948791504
1.0196418762207031
1.0622987747192383
1.099729061126709
2.117222309112549
2.0145516395568848
2.0769786834716797
2.1522505283355713
2.240255355834961
0.9613597393035889
1.2550411224365234
1.2032973766326904
1.223677396774292
1.1825320720672607
1.1111268997192383
1.1622252464294434
1.0643978118896484
2.198521137237549
2.2377877235412598
2.161639928817749
2.065769672393799
2.2181880474090576
2.2792062759399414
2.2375917434692383
0.9708685874938965
1.0644845962524414
1.0489940643310547
1.0796666145324707
1.01460599899292
1.0512645244598389
2.1606216430664062
0.9855532646179199
1.0835862159729004
1.0879361629486084
1.0332088470458984
1.0619251728057861
1.0824611186981201
2.1301779747009277
3.1360116004943848
1.0132267475128174
0.9581356048583984
2.1420140266418457
1.0403847694396973
1.0371205806732178
1.0484867095947266
1.057615041732788
2.039205312728882
2.117974281311035
2.0662829875946045
2.1635854244232178
2.1442954540252686
