38.258219957351685
3.9435479640960693
12.189655303955078
16.76386284828186
22.748151063919067
17.99251389503479
37.63523578643799
23.81497573852539
32.45746040344238
18.040123224258423
14.553800821304321
20.835859537124634
14.48856234550476
25.774102687835693
18.031317234039307
8.116544485092163
23.01505446434021
11.537339448928833
34.112775564193726
33.74977779388428
26.48023223876953
27.249351739883423
27.01983332633972
20.545780658721924
14.350061893463135
10.811540842056274
10.71425747871399
25.29559874534607
14.560060739517212
21.421003103256226
11.83887243270874
37.4974308013916
23.56557011604309
6.972718000411987
37.63614273071289
20.742165565490723
24.560644388198853
9.570056676864624
26.597132444381714
