11.093973636627197
10.629364490509033
2.8822312355041504
2.856313467025757
8.30166244506836
3.925600290298462
3.9151499271392822
8.825881004333496
2.949115037918091
4.060749530792236
8.311112403869629
1.883563756942749
1.819288969039917
7.391916990280151
6.655792474746704
9.02707314491272
7.317047595977783
7.316870212554932
9.013037919998169
7.968036413192749
1.7941768169403076
2.8329904079437256
7.493127107620239
11.912014245986938
11.846785545349121
10.184589624404907
4.051376104354858
2.8778085708618164
22.705726861953735
8.9461510181427
8.331177949905396
4.126489162445068
8.085924625396729
5.5901219844818115
6.161712884902954
2.694063901901245
6.637296199798584
9.824418783187866
8.90880012512207
1.8055074214935303
1.6948628425598145
6.24769926071167
2.903015375137329
7.745190143585205
