[3, 14, 1, 12, 17, 15, 14, 4, 6, 12, 16, 15, 19]
[6, 4, 19, 14, 6, 6, 5, 14, 14]
[4, 18, 1]
[9, 6, 5, 10, 2, 11, 13, 9, 11, 15, 15, 2, 18, 2]
[18, 15, 15, 1, 10, 11, 0, 14, 15, 4, 7, 5, 1]
[5, 1, 10]
[4, 11]
[10, 18, 18, 15, 12, 4, 7]
[15, 2, 7, 1, 14]
[2, 12, 15, 16, 8, 18, 14, 0, 3]
[4, 16, 14, 6, 10, 11, 8, 17, 9, 12, 0, 8, 17]
[7, 8]
[18, 0, 17, 9, 11, 12, 15, 16, 8, 13]
[0, 4, 0]
[19, 5, 16, 11, 5, 16, 12, 8, 6, 11, 18, 3, 8, 2]
[1, 18, 3, 3, 8, 0, 11, 2]
[0, 5, 18, 6, 17]
[11, 9, 0, 14, 1]
[12]
[0, 6, 5, 1, 1, 18]
[10, 19, 13, 5, 8]
[5, 10]
[0, 13, 18]
