0.004850121759605408
0.002348822454645899
0.0004296810000896454
0.0028574002433810917
0.0039099916179051765
0.0002839736822366714
0.00019032816090583802
0.0011319529306003026
0.0005424800087451935
0.0011699613569868936
0.0028072686522758925
0.00024116975355148316
0.0025007686229467393
0.00035307116502920785
0.002886521414147104
0.001515131572532654
0.0005897633020980018
0.0005561392390966416
7.044711060523986e-05
0.0008308355752229691
0.0005477238547801971
0.00023675024921894074
0.0003561816781282425
