2.186490774154663
2.195178508758545
2.19160795211792
2.153979539871216
2.222590208053589
2.2187182903289795
2.2705342769622803
2.178534984588623
2.256277561187744
2.3463878631591797
2.2190446853637695
2.3534271717071533
2.3021397590637207
1.0090689659118652
1.0365569591522217
1.1363253593444824
2.3148200511932373
2.0697855949401855
2.070141553878784
2.0738635063171387
2.2654364109039307
2.2813284397125244
0.9960134029388428
1.0476689338684082
2.2516958713531494
1.1891207695007324
1.1172692775726318
1.0885415077209473
1.1712121963500977
1.2564113140106201
1.1937406063079834
1.2825610637664795
1.234309434890747
1.1148719787597656
2.211543560028076
2.214608907699585
2.3198814392089844
2.2087392807006836
2.2117831707000732
1.2189640998840332
1.1670353412628174
1.1297338008880615
2.3185231685638428
2.114743709564209
2.2297701835632324
2.190722703933716
2.1463913917541504
2.2113852500915527
2.2004663944244385
2.276376724243164
2.2975516319274902
2.3383493423461914
1.0555026531219482
1.003758430480957
1.0375075340270996
1.0684800148010254
1.0070724487304688
1.0145089626312256
0.9797933101654053
1.003434419631958
1.0770089626312256
1.007641077041626
0.9956567287445068
2.1168789863586426
1.0438973903656006
1.0019299983978271
1.0164687633514404
1.0182726383209229
1.0035924911499023
1.0545992851257324
1.053358554840088
1.0415010452270508
1.0527527332305908
0.9897024631500244
1.0674397945404053
1.0331456661224365
1.0837068557739258
2.1502878665924072
1.2543056011199951
1.137948751449585
1.1444218158721924
1.1698427200317383
1.107710361480713
1.1736335754394531
1.2075912952423096
1.1554837226867676
2.233325958251953
2.2780628204345703
2.1766316890716553
2.375563144683838
2.237672805786133
1.0332486629486084
1.0333302021026611
1.0905799865722656
1.100705623626709
1.0526182651519775
1.030041217803955
2.106177806854248
2.1512629985809326
2.163468360900879
2.151374578475952
2.0722570419311523
2.1283349990844727
1.0200738906860352
1.075526237487793
1.081087350845337
1.2213170528411865
1.1043767929077148
1.1672353744506836
1.2768619060516357
1.265223741531372
1.201026201248169
1.1625349521636963
1.2240252494812012
1.198808193206787
1.180778980255127
1.2542707920074463
2.180190324783325
2.237447738647461
2.1957521438598633
1.0840814113616943
1.0804970264434814
1.0202596187591553
1.053424596786499
1.0140793323516846
2.1406164169311523
2.232672691345215
2.101393461227417
1.0495774745941162
1.0243253707885742
1.0236241817474365
1.23195481300354
1.0536751747131348
1.0600855350494385
1.0189337730407715
1.0609641075134277
1.0122566223144531
1.0599365234375
1.0561785697937012
1.043025255203247
1.0650169849395752
1.0332281589508057
1.0244617462158203
1.0132637023925781
1.0507135391235352
0.9906177520751953
1.0601890087127686
1.0214812755584717
1.0203042030334473
1.0407147407531738
1.029179334640503
0.9995288848876953
1.0596668720245361
1.1098060607910156
1.0816311836242676
