2.6707708835601807
6.749147891998291
1.654383659362793
5.5707056522369385
10.108729124069214
11.734011173248291
12.71360468864441
8.152554750442505
2.7725839614868164
7.385006666183472
10.012327909469604
10.046854496002197
7.804227352142334
1.896824598312378
2.905595302581787
10.080813884735107
7.777350902557373
2.901308298110962
8.392586946487427
7.760514736175537
8.025719404220581
11.799469232559204
6.824554920196533
6.567564249038696
1.7906086444854736
1.8553519248962402
1.8560152053833008
10.452609777450562
1.7515244483947754
10.611231803894043
23.444077014923096
11.895428895950317
7.494102239608765
2.8664956092834473
1.8015496730804443
2.90767765045166
8.066452264785767
13.988111019134521
6.730846881866455
6.324080467224121
