1.0613300800323486
1.0885255336761475
0.9917647838592529
1.0100047588348389
1.0277838706970215
2.1035327911376953
2.0987353324890137
2.146483898162842
2.193066120147705
2.2575554847717285
2.257768154144287
2.30073618888855
2.230222702026367
2.409548282623291
2.3742899894714355
2.265129566192627
2.1396026611328125
2.2841575145721436
2.24288272857666
2.2789313793182373
2.3673806190490723
2.4168906211853027
2.3663132190704346
1.1762135028839111
1.2183022499084473
1.0994117259979248
1.098437786102295
1.1193175315856934
1.0465993881225586
1.0691249370574951
1.238170862197876
1.1341938972473145
2.200016736984253
2.2521393299102783
2.235644817352295
2.2094311714172363
1.072798728942871
1.0570309162139893
1.1453609466552734
1.0952844619750977
1.1433875560760498
1.0571467876434326
1.0977754592895508
1.073669195175171
1.0584371089935303
2.2852160930633545
1.1416511535644531
1.2216105461120605
1.1781675815582275
1.2624924182891846
1.19700288772583
1.1348137855529785
1.2551372051239014
1.2097752094268799
1.2456164360046387
2.141136884689331
2.293088912963867
2.1326189041137695
2.3073906898498535
2.3109066486358643
2.234536647796631
1.0909862518310547
1.0368120670318604
1.0546998977661133
1.0477724075317383
1.0076792240142822
1.033212661743164
1.020254373550415
1.1006522178649902
1.0379400253295898
1.0057237148284912
1.1408562660217285
0.9787957668304443
1.0390195846557617
1.05214262008667
0.9990644454956055
1.0352778434753418
0.9952547550201416
1.0503156185150146
0.9918034076690674
1.0816442966461182
1.0245554447174072
1.0400595664978027
0.9945805072784424
1.015125036239624
1.0979249477386475
1.2460641860961914
1.229372501373291
1.1547443866729736
1.0571784973144531
1.0542511940002441
1.1750402450561523
1.1039314270019531
1.0687007904052734
1.1354210376739502
2.310762405395508
2.2884011268615723
1.0152876377105713
1.0650739669799805
1.0395381450653076
0.9729301929473877
2.0555601119995117
2.0452423095703125
2.0583584308624268
2.0912911891937256
2.080742359161377
1.1268270015716553
1.1167895793914795
1.158534049987793
1.209984302520752
2.281022548675537
2.363971471786499
2.376051187515259
2.340736150741577
2.2252347469329834
2.311864137649536
2.2132797241210938
2.2013370990753174
2.1707870960235596
2.2445144653320312
2.2861013412475586
1.0184605121612549
1.1381583213806152
1.0801451206207275
1.0295703411102295
2.1117138862609863
2.1117186546325684
2.2097647190093994
2.2262728214263916
2.1917951107025146
1.0459816455841064
1.1523549556732178
1.1198623180389404
1.0142338275909424
4.586437463760376
2.0407729148864746
2.1808993816375732
