1.0460009574890137
1.078883409500122
1.0737512111663818
1.0606107711791992
1.081416130065918
1.0618813037872314
1.0489492416381836
1.0716702938079834
1.0715997219085693
1.028223991394043
1.1018140316009521
0.9944584369659424
1.0401175022125244
0.9887645244598389
2.1252200603485107
2.11987566947937
2.127410411834717
2.2108514308929443
2.1034557819366455
2.0292623043060303
2.1804301738739014
2.1167380809783936
2.129199743270874
2.0782582759857178
2.2879974842071533
2.172584295272827
2.1182456016540527
1.0815458297729492
1.0150666236877441
2.0312108993530273
2.17728590965271
2.160642147064209
2.093855381011963
2.093458414077759
2.2754056453704834
2.1000471115112305
1.0804550647735596
1.0410358905792236
1.1403429508209229
1.1078877449035645
2.1446893215179443
2.1129555702209473
2.2726705074310303
2.186795473098755
2.100973606109619
2.1714563369750977
1.0495681762695312
0.9979948997497559
0.9640510082244873
0.9845170974731445
1.0479159355163574
2.1149959564208984
2.1822640895843506
1.20725679397583
1.2295565605163574
1.0390865802764893
1.0800726413726807
1.2509260177612305
1.173387050628662
1.0236470699310303
2.3369052410125732
2.2168354988098145
2.1370623111724854
2.301997184753418
2.3280422687530518
2.229579448699951
1.0168049335479736
1.024557113647461
2.1846768856048584
2.082119941711426
2.2171566486358643
2.152967929840088
2.0800490379333496
2.119863748550415
2.164611577987671
1.1860291957855225
1.1940155029296875
1.129347801208496
1.2088086605072021
1.2740097045898438
1.180344581604004
1.0622782707214355
1.2406420707702637
1.1547272205352783
2.1883161067962646
2.298872232437134
2.4216082096099854
2.1748158931732178
1.019761323928833
1.0335626602172852
1.984220027923584
2.03023099899292
2.06467342376709
2.1648755073547363
1.0735633373260498
1.060300350189209
1.139784574508667
1.0779929161071777
1.0444953441619873
1.0916991233825684
1.0899860858917236
1.1117067337036133
1.1096775531768799
1.0669634342193604
0.9470522403717041
1.0001046657562256
1.040447473526001
1.0086286067962646
1.049757480621338
1.0401525497436523
1.0916900634765625
1.0647120475769043
1.0457417964935303
1.017791509628296
1.0456712245941162
1.1832425594329834
1.1376233100891113
1.1384072303771973
1.121105670928955
1.3238658905029297
1.200697898864746
1.1622989177703857
1.1265020370483398
1.189490556716919
1.2208609580993652
1.2344987392425537
1.095571517944336
1.0978286266326904
