9.27045726776123
7.286064624786377
8.947244882583618
1.6763803958892822
3.982813596725464
8.388273477554321
6.634866714477539
9.985885858535767
14.10182523727417
12.787929773330688
9.98447871208191
1.817121982574463
1.7945308685302734
5.6560118198394775
11.50713038444519
1.8266150951385498
9.083828926086426
9.113349676132202
2.943148136138916
7.371347188949585
2.870767831802368
10.539005994796753
2.6072001457214355
1.7585153579711914
1.8776726722717285
7.464828252792358
13.066832304000854
13.758804559707642
10.594846963882446
12.7047438621521
1.8325657844543457
8.923720598220825
1.8006916046142578
12.334904670715332
8.802883863449097
9.049371004104614
1.8087749481201172
4.861014127731323
7.332490682601929
10.488491296768188
5.707882642745972
4.096585512161255
7.866880893707275
2.887730598449707
11.683999300003052
7.797857999801636
5.531779766082764
10.738929033279419
8.485809087753296
10.133239984512329
5.311309814453125
8.169357299804688
7.94621205329895
3.9443602561950684
11.753501176834106
11.695290565490723
