1.0883774757385254
1.1425769329071045
1.0546543598175049
0.996396541595459
2.142667293548584
2.1701362133026123
2.2460758686065674
2.2274341583251953
2.2130274772644043
2.036219358444214
1.0289461612701416
1.0376534461975098
1.07863450050354
1.0630378723144531
1.0309326648712158
1.0602021217346191
1.0415246486663818
1.0286610126495361
1.0131657123565674
1.1243023872375488
1.0499987602233887
1.1026268005371094
1.1490321159362793
1.0593788623809814
1.101719617843628
1.142746925354004
2.3039300441741943
2.0673115253448486
1.0308372974395752
1.0365960597991943
1.0600571632385254
1.2813286781311035
1.1586849689483643
1.2572717666625977
1.188190221786499
1.1284193992614746
2.2378668785095215
2.3628323078155518
2.146449565887451
2.1723031997680664
2.336684465408325
2.2242538928985596
2.2592055797576904
2.081674337387085
1.1697499752044678
1.1378250122070312
1.2181544303894043
1.1460411548614502
1.226609230041504
1.0615530014038086
1.1618037223815918
1.116241455078125
1.2184107303619385
2.2266743183135986
2.1726016998291016
2.4392669200897217
2.14408802986145
1.079634428024292
1.001587152481079
1.0335431098937988
1.1097886562347412
1.0664103031158447
1.0702033042907715
1.0943870544433594
1.2392535209655762
1.091977596282959
1.2840876579284668
1.1466197967529297
1.0482194423675537
1.2191708087921143
2.3708064556121826
2.145684003829956
2.3476340770721436
2.2102158069610596
2.2214932441711426
2.3110570907592773
2.3100128173828125
2.3115451335906982
1.0479991436004639
0.9960465431213379
1.0056042671203613
1.0479161739349365
2.0771191120147705
2.0499696731567383
2.133608818054199
2.1433393955230713
1.062509536743164
2.125220537185669
2.0254597663879395
2.1208837032318115
2.074887752532959
2.1305882930755615
2.0803840160369873
1.0208547115325928
1.007939338684082
1.0177795886993408
1.0630922317504883
2.1144275665283203
2.2248077392578125
2.071345329284668
2.124171733856201
2.2504022121429443
1.0556213855743408
1.024752140045166
1.0159499645233154
1.0947368144989014
1.0740830898284912
1.0223987102508545
1.0506813526153564
1.0262572765350342
1.0574657917022705
1.0690233707427979
1.074108600616455
1.0768203735351562
1.0552349090576172
1.0990915298461914
1.0703449249267578
1.084136962890625
2.44217848777771
1.0078258514404297
1.1060118675231934
1.1157548427581787
0.982985258102417
1.012594223022461
2.2960405349731445
1.0914239883422852
1.0481908321380615
1.0179493427276611
1.0308811664581299
1.066014051437378
1.0445935726165771
1.0275485515594482
2.2183566093444824
1.031003475189209
0.9928345680236816
1.0173423290252686
0.9399540424346924
1.0149435997009277
