1.8385379314422607
13.097223997116089
8.390888690948486
5.872858285903931
8.44843578338623
8.00427508354187
9.849313020706177
5.79710578918457
11.504819393157959
2.9324162006378174
1.775200366973877
22.190858364105225
10.688783407211304
5.50873327255249
2.9259185791015625
7.755850791931152
5.707422971725464
23.06521964073181
10.581867218017578
3.0108718872070312
4.889310836791992
7.805883407592773
9.143517255783081
22.561641216278076
8.954889297485352
2.652019739151001
10.522103548049927
2.847276210784912
8.254291534423828
