1.29465913772583
1.2258799076080322
1.2653234004974365
1.2023060321807861
2.399651527404785
2.212719678878784
2.3217718601226807
2.248042345046997
2.245120048522949
2.278259038925171
2.090092658996582
2.1520421504974365
2.229875326156616
2.188567876815796
2.082612991333008
2.1168086528778076
2.1463544368743896
1.0615205764770508
1.0273678302764893
1.044785499572754
2.106940984725952
2.1804535388946533
2.1536850929260254
2.1261045932769775
1.0489604473114014
1.0006747245788574
0.9865548610687256
1.0218119621276855
0.9498207569122314
1.0615410804748535
1.089372158050537
1.0558693408966064
1.0645637512207031
1.062962293624878
1.0509777069091797
1.0318946838378906
1.1648273468017578
1.0597662925720215
1.0423431396484375
1.0485470294952393
1.0646636486053467
1.0625402927398682
1.0529227256774902
1.0689723491668701
1.0683345794677734
1.0061438083648682
1.0232131481170654
1.1002933979034424
1.215754747390747
1.2810606956481934
1.2179045677185059
1.1520650386810303
1.250819444656372
1.2007668018341064
1.1937439441680908
1.2665128707885742
1.230454683303833
1.166212558746338
1.2286841869354248
1.2110631465911865
1.095045566558838
1.165309190750122
1.0715503692626953
1.027385950088501
1.106473445892334
1.0627436637878418
1.0225141048431396
1.0509462356567383
1.0042412281036377
1.2322475910186768
1.077986478805542
1.0741043090820312
1.1753137111663818
1.2316858768463135
1.161412239074707
1.1607701778411865
1.2068822383880615
1.0653924942016602
1.1545774936676025
1.1972784996032715
1.1838459968566895
1.23044753074646
1.0150113105773926
1.0905706882476807
1.0781686305999756
1.002514123916626
1.1099929809570312
1.0363166332244873
1.0613181591033936
1.101905107498169
1.0979208946228027
1.126516342163086
1.0227913856506348
1.0605626106262207
1.0277338027954102
1.049499273300171
1.1088252067565918
1.1216726303100586
1.0754802227020264
1.0654058456420898
1.0460231304168701
1.1261835098266602
1.1019587516784668
1.1052069664001465
1.051048994064331
1.0985193252563477
1.0059175491333008
1.1038804054260254
1.0977137088775635
1.1339144706726074
1.0206425189971924
0.9971413612365723
1.020829677581787
1.0886330604553223
1.1154148578643799
1.0401723384857178
1.0300137996673584
1.0495758056640625
