0.002247854615068436
0.004390114567476053
0.00011018714289665223
9.383061909675599e-05
0.0003095244413216909
0.0024170654241244
0.0037080402093489966
0.0018094145285844803
0.0008835117101669311
0.004045602801731917
0.0010324763143452732
0.0003306005550214222
0.0027320166320800783
0.002852289749952463
0.00011299149606227875
0.0003286773815393448
0.0001149658757686615
0.0011097443514347077
0.0006810992833920888
0.0011948572607040405
0.0007222182248353958
0.0024971927577177684
0.0009345723285913469
0.0021694221894264223
0.0026329135283265797
0.0003315605912208557
0.00255735007660389
0.0003456814628430775
0.0015854341806595142
0.0011249286097699943
0.0008018692337581089
0.00022727482810020448
0.0002714886942148209
0.001376962795829773
0.00011296562025547028
0.0011510120258808136
9.67087897380193e-05
0.0022002352077041356
0.0032257037173032766
0.0038875988888190344
