1.0360639095306396
1.3942499160766602
1.0247375965118408
1.079164743423462
1.0666778087615967
2.1458070278167725
2.2518739700317383
2.235790252685547
2.08646821975708
2.1228725910186768
1.0882115364074707
1.1931605339050293
2.079829216003418
2.358436107635498
2.1352574825286865
2.272704839706421
2.1779913902282715
2.1843724250793457
2.1973507404327393
2.3008432388305664
2.896583318710327
2.323300838470459
2.4014060497283936
0.9441914558410645
0.9379935264587402
1.0471529960632324
1.0455169677734375
1.0015430450439453
1.1562838554382324
1.2656149864196777
1.1748380661010742
1.2480506896972656
1.3003571033477783
1.2173070907592773
1.2079110145568848
1.1783385276794434
1.1648156642913818
1.21781587600708
1.2869863510131836
1.1806812286376953
1.147538423538208
1.181443214416504
1.1954777240753174
1.2805802822113037
1.280174732208252
2.0384974479675293
1.229801893234253
1.2676491737365723
1.2375822067260742
1.1147332191467285
1.1833999156951904
1.2109918594360352
1.1404685974121094
2.3048946857452393
2.277684211730957
2.0638492107391357
2.2828543186187744
2.264453172683716
1.3438141345977783
1.1581439971923828
1.0902948379516602
1.12632155418396
0.998774528503418
1.0479276180267334
1.1053636074066162
2.1849820613861084
2.0414929389953613
2.1839780807495117
1.0492298603057861
1.0740342140197754
1.0373094081878662
1.077103853225708
1.090247392654419
1.0236585140228271
1.1043031215667725
1.0231127738952637
1.173722743988037
1.2672548294067383
2.2326571941375732
2.2209415435791016
2.2019999027252197
2.139118194580078
2.258880138397217
2.247567653656006
2.1997151374816895
2.135016441345215
2.075329542160034
2.306891679763794
2.2771341800689697
1.084902286529541
1.0519776344299316
1.0380840301513672
1.0597224235534668
1.082296371459961
1.0828590393066406
1.0484600067138672
1.0672860145568848
0.959648847579956
1.03765869140625
1.0203008651733398
1.1963684558868408
1.1994833946228027
1.0804908275604248
1.2208530902862549
1.1568620204925537
1.0678603649139404
1.186582088470459
1.1367623805999756
1.0757637023925781
1.1726231575012207
2.1405460834503174
2.1822237968444824
2.2386953830718994
1.2146012783050537
1.2131903171539307
1.1931228637695312
1.2056641578674316
1.2461462020874023
1.2803452014923096
1.1986730098724365
1.1630983352661133
2.3626461029052734
2.1317732334136963
2.1374964714050293
2.2729904651641846
2.3636527061462402
0.96822190284729
1.0161447525024414
1.0028183460235596
1.061424732208252
0.985140323638916
1.026808738708496
1.0286145210266113
1.0633749961853027
1.0149922370910645
1.0943894386291504
1.0309064388275146
1.0220181941986084
1.0722846984863281
1.0600569248199463
1.014223337173462
1.0587010383605957
1.022566795349121
0.9890077114105225
1.0668666362762451
1.0243430137634277
1.0714120864868164
1.018594741821289
1.070469617843628
1.0732533931732178
1.044625997543335
1.062736988067627
1.0471510887145996
1.0662147998809814
0.9900774955749512
1.0455639362335205
1.008676528930664
1.0309898853302002
1.2434475421905518
1.2524571418762207
1.2445142269134521
1.1536943912506104
1.2072322368621826
1.1588561534881592
1.2765445709228516
1.0970282554626465
1.126967430114746
1.15093994140625
1.2463123798370361
1.2317702770233154
1.1673965454101562
1.1691625118255615
1.1065216064453125
1.0100865364074707
1.0166594982147217
1.0563726425170898
2.12967848777771
2.163464307785034
1.1955418586730957
1.2370378971099854
1.2697186470031738
1.1235415935516357
1.148956060409546
1.1477007865905762
1.1665151119232178
1.0908434391021729
1.18794846534729
1.1145310401916504
1.1075866222381592
1.1970691680908203
2.333936929702759
2.268808364868164
1.1542291641235352
1.2213366031646729
1.2008049488067627
1.0456516742706299
1.0617070198059082
1.1748595237731934
1.129781723022461
1.080517292022705
1.2557294368743896
1.0718505382537842
2.202362060546875
2.195303201675415
2.135176420211792
2.1714589595794678
1.025629997253418
1.039233684539795
1.0425457954406738
1.126307725906372
1.1210057735443115
1.0403015613555908
1.0720491409301758
2.1886184215545654
2.1767375469207764
2.117290496826172
2.2285547256469727
2.111534595489502
2.2501158714294434
1.0531902313232422
1.0493063926696777
1.052765130996704
1.1828179359436035
1.1476514339447021
1.1506805419921875
1.2170565128326416
1.112550973892212
1.1709611415863037
1.061654806137085
1.256866455078125
1.238982915878296
1.1162362098693848
1.2041606903076172
1.1304843425750732
1.0860750675201416
1.0024573802947998
1.043576955795288
1.0456104278564453
0.9789652824401855
1.035512924194336
1.0411887168884277
1.045539379119873
1.0496578216552734
1.0356006622314453
0.9941251277923584
1.0701112747192383
1.0681300163269043
1.0670819282531738
1.0653326511383057
1.0606515407562256
0.9937546253204346
1.070995569229126
1.0590403079986572
0.97605299949646
1.0366833209991455
0.9478819370269775
1.020387887954712
1.0960547924041748
1.0718414783477783
1.1706724166870117
1.039062261581421
1.015014410018921
1.1832029819488525
1.063044548034668
1.0690867900848389
1.1395313739776611
0.9680001735687256
1.045128583908081
1.0185248851776123
1.011915922164917
0.958594560623169
0.9861273765563965
1.0275073051452637
1.03206205368042
1.0430188179016113
0.9667656421661377
1.2200031280517578
1.0555763244628906
1.1750457286834717
1.2559785842895508
1.1501073837280273
1.211158275604248
1.1981525421142578
1.2229838371276855
1.1666607856750488
1.3143491744995117
1.2138221263885498
1.285217523574829
1.1032414436340332
1.2252235412597656
1.1541240215301514
1.1197218894958496
1.121382474899292
1.164794921875
1.1136255264282227
1.159691333770752
1.2488834857940674
2.228588104248047
2.068305253982544
2.2478249073028564
2.3373758792877197
2.160154342651367
2.1932790279388428
1.2032103538513184
1.0747663974761963
1.203185796737671
2.2421650886535645
2.2902565002441406
2.2505557537078857
2.244011402130127
2.229567050933838
2.272374391555786
2.210106611251831
2.1953389644622803
2.135610342025757
2.1408779621124268
