29.919687271118164
38.93841910362244
12.195573806762695
9.728694200515747
9.846246719360352
39.53662705421448
36.79512119293213
29.509125232696533
23.90847682952881
38.16131567955017
26.94640564918518
13.942012310028076
31.052850008010864
38.53486704826355
11.193758010864258
11.946571588516235
4.721806049346924
14.595714092254639
19.053988933563232
19.49094533920288
24.721137285232544
36.56791591644287
15.230629920959473
40.821714639663696
40.48198461532593
11.762146711349487
27.324649810791016
13.887714862823486
38.09791088104248
28.162853240966797
20.182467460632324
15.062092542648315
10.811195850372314
26.508837699890137
4.843070030212402
18.326931476593018
5.884861946105957
35.14831042289734
35.0480797290802
38.22202467918396
