1.7734754085540771
2.7180898189544678
13.620532035827637
7.903192758560181
14.334576606750488
2.951824426651001
4.931931257247925
7.818435907363892
8.912122011184692
5.573258399963379
12.975988149642944
2.82932710647583
2.9412307739257812
1.7695274353027344
8.952958106994629
8.804238080978394
2.7809298038482666
5.998905897140503
13.71969747543335
6.964284420013428
2.5322515964508057
10.382467269897461
7.526379346847534
22.50510311126709
10.725203275680542
1.8016533851623535
2.6454460620880127
1.847240686416626
10.683401584625244
7.89808201789856
1.7385671138763428
12.827054023742676
4.110749244689941
11.49368953704834
5.957073211669922
9.923362016677856
