11.736203670501709
13.008746147155762
6.64364767074585
2.857766628265381
2.7793755531311035
10.072282552719116
10.141207456588745
5.655354738235474
6.521412372589111
7.530677080154419
6.682387351989746
7.034940004348755
9.004875659942627
7.286425590515137
3.916991949081421
7.525892972946167
9.899234056472778
2.621429443359375
8.79282808303833
2.906059980392456
8.383848428726196
11.746636867523193
6.54960823059082
11.399721622467041
6.443284749984741
3.036926507949829
6.182567119598389
2.6845388412475586
5.945878267288208
2.758098602294922
7.8581037521362305
3.019589900970459
4.917457580566406
2.9697165489196777
8.92124080657959
22.474474906921387
