[19, 13, 16, 0, 12, 12, 11, 7, 20, 18, 5, 9, 21, 14]
[13, 21, 17, 5, 13, 7, 15, 17, 17]
[6, 15, 5, 6, 11, 3, 19]
[2, 3, 11, 9, 20, 9, 13, 14]
[4, 14, 0, 13, 15, 13, 12]
[11, 8, 14, 8, 11, 13, 10, 2, 4, 21, 21, 0, 16, 3, 6]
[17, 6, 10]
[6, 21, 9, 6, 13, 1, 8, 18]
[16]
[10, 4, 15]
[4, 6, 15, 16, 19, 13, 17, 17, 14, 4, 0, 1, 15, 17]
[15, 4, 10, 18, 3, 15, 19, 8, 0]
[16, 13, 14, 14, 21, 2, 6, 5, 8]
[6, 20, 6]
[13, 0, 11, 16, 11, 21, 14, 12, 11, 14]
[6, 21, 8, 5, 1, 18, 14, 20, 21, 10, 18, 11, 14, 13]
[4, 15, 13, 4, 21, 0, 18, 5, 16, 21, 4, 7, 11]
