2.3297035694122314
2.328948497772217
2.350071668624878
2.2858691215515137
2.2837226390838623
2.1718363761901855
2.2745180130004883
2.2178380489349365
2.291999578475952
2.340726613998413
2.311275005340576
2.242863416671753
2.1255080699920654
2.1882550716400146
2.0967788696289062
1.977137565612793
2.2478206157684326
2.055572748184204
2.1194217205047607
2.0149447917938232
2.044065475463867
2.081918478012085
2.195716381072998
1.0395581722259521
1.0440089702606201
1.0447871685028076
1.0214202404022217
1.0527369976043701
1.0005309581756592
1.1654698848724365
1.0596237182617188
0.9907047748565674
1.0736596584320068
1.0554587841033936
1.063185453414917
0.9812674522399902
0.9753308296203613
1.051677942276001
1.0550007820129395
1.04876708984375
1.0574977397918701
1.085880994796753
1.0336353778839111
1.0840778350830078
1.028160810470581
1.2004525661468506
1.1389260292053223
1.0975418090820312
1.1905837059020996
1.2459471225738525
1.1924517154693604
1.1833348274230957
1.1169712543487549
1.1231138706207275
1.2161719799041748
1.212364673614502
1.0217845439910889
1.227663516998291
1.2213046550750732
1.2262156009674072
1.0378882884979248
1.0936596393585205
0.9385807514190674
1.045201063156128
1.0778005123138428
1.1317894458770752
1.0965063571929932
1.214951515197754
1.0840015411376953
1.2656683921813965
1.0719873905181885
1.0160467624664307
1.0039708614349365
1.020613431930542
1.0202784538269043
1.2702124118804932
1.2581560611724854
1.2205767631530762
1.1333155632019043
1.2381205558776855
1.0817089080810547
1.2105634212493896
1.084601640701294
1.1111068725585938
1.158036470413208
1.1626598834991455
1.1533050537109375
1.1866085529327393
1.2136144638061523
1.0797903537750244
1.0606024265289307
1.0615768432617188
1.083604335784912
1.1101021766662598
1.091294765472412
1.1289451122283936
1.089449167251587
2.273930311203003
1.0742433071136475
1.0500199794769287
1.0675866603851318
1.1076769828796387
1.0760993957519531
1.0540130138397217
1.0775439739227295
2.15592622756958
2.196362018585205
1.0685489177703857
1.052354097366333
1.0738871097564697
1.1989219188690186
1.0687997341156006
1.170069694519043
1.1080880165100098
1.156263828277588
2.300915479660034
2.0612854957580566
2.3090639114379883
2.1306495666503906
2.237457036972046
1.1375491619110107
1.2229070663452148
2.2695045471191406
2.3312466144561768
2.187211275100708
2.29376220703125
2.237299919128418
2.363112688064575
2.265721559524536
2.1812007427215576
2.270401954650879
2.2193803787231445
2.323662281036377
2.321094274520874
1.1496899127960205
1.186258316040039
2.1695613861083984
2.161831855773926
2.204134702682495
2.3340282440185547
2.224207878112793
2.2423040866851807
2.1013786792755127
2.2453773021698
2.083225965499878
2.1535162925720215
2.177889347076416
