1.027240514755249
1.0144274234771729
1.0370631217956543
0.9730961322784424
1.1528873443603516
1.1954212188720703
1.206982135772705
1.154139757156372
1.1699957847595215
1.105638027191162
1.1861085891723633
1.1241087913513184
1.1307520866394043
1.147486925125122
1.2094495296478271
1.1171376705169678
1.1599082946777344
1.1992158889770508
1.1762475967407227
1.1280341148376465
1.034773826599121
1.165428638458252
1.1402318477630615
1.1924018859863281
1.0259144306182861
1.1453194618225098
1.1534652709960938
1.173701524734497
1.20045804977417
2.25107479095459
1.0343973636627197
0.9617266654968262
1.0165793895721436
1.0233514308929443
1.0049562454223633
2.2610902786254883
2.2037575244903564
0.9873290061950684
0.9465394020080566
1.0647084712982178
1.1798028945922852
1.188143253326416
1.2731688022613525
2.44720721244812
2.196481704711914
2.2686548233032227
2.1774377822875977
2.286480188369751
2.2946617603302
2.253504991531372
2.187183380126953
2.0949947834014893
2.246192216873169
2.284066915512085
2.1928722858428955
1.017599105834961
1.0349533557891846
1.0115554332733154
1.019390344619751
2.171996593475342
2.093804121017456
2.1554367542266846
2.188675880432129
0.9780404567718506
1.0500800609588623
0.9906859397888184
1.0093817710876465
1.019869327545166
1.0341691970825195
2.0905091762542725
1.0152437686920166
0.9541828632354736
0.9613285064697266
1.1146070957183838
0.9958808422088623
1.054229974746704
1.03515625
1.034484624862671
1.0849549770355225
1.1205503940582275
1.1738617420196533
1.0468754768371582
1.0347628593444824
1.030456304550171
1.0601403713226318
1.0529975891113281
1.0730712413787842
1.056159257888794
1.0196058750152588
1.0301754474639893
1.0053551197052002
1.0697319507598877
1.009014368057251
0.9960851669311523
0.9780125617980957
1.0307543277740479
1.173449993133545
1.0502557754516602
1.0681722164154053
1.0542724132537842
1.1079649925231934
1.0690414905548096
1.0683603286743164
1.0872254371643066
0.99568772315979
1.0869081020355225
1.050644874572754
1.1468138694763184
1.1244006156921387
1.1989469528198242
0.981403112411499
1.0393333435058594
1.0400068759918213
1.1004576683044434
1.0764164924621582
1.0739140510559082
1.0591065883636475
