0.002316927697189649
0.0036706245805501942
0.004897572860762051
0.0009465535255246693
0.003360377602529526
0.00010664946567671637
0.002670524014100662
0.002452633859395981
0.000783480640057155
0.0026751392312844595
0.004195941047556584
6.354826381206512e-05
0.00030897298612594606
0.0025565540082931517
0.000848716919875145
0.0016309486783913205
0.002782726973888609
0.00037092705647945404
0.001274028106069565
0.00023703485550880432
0.0011668775785605113
0.0027203173496586934
0.0011739462853602
0.002020410670749346
0.00011412829005718231
0.0012624627408822377
