1.0974321365356445
1.0835435390472412
1.0817723274230957
2.1664369106292725
2.095974922180176
2.145278215408325
2.084984302520752
2.177560329437256
2.1035852432250977
2.176980495452881
2.3406143188476562
2.04831862449646
2.3111684322357178
2.2231593132019043
2.124776601791382
2.303478240966797
2.1784603595733643
2.150463581085205
2.16192364692688
1.2268421649932861
2.3573145866394043
2.3889834880828857
2.2763025760650635
2.3997457027435303
2.269068717956543
2.162506580352783
2.1545515060424805
2.201401710510254
2.312418222427368
2.2546463012695312
2.2661166191101074
2.1931700706481934
2.2317209243774414
1.1006040573120117
1.046830654144287
1.0839927196502686
1.0523910522460938
1.0704877376556396
1.0266945362091064
1.0819203853607178
1.0535056591033936
1.2530293464660645
1.0390980243682861
1.2248315811157227
1.2297277450561523
1.2305080890655518
1.2227489948272705
1.2607955932617188
2.294981002807617
2.2572145462036133
2.22570538520813
2.392413854598999
2.3331687450408936
2.171376943588257
2.1922967433929443
0.9734597206115723
1.2178211212158203
1.204824686050415
1.0612318515777588
1.2182815074920654
1.2212977409362793
1.144927740097046
1.2424941062927246
1.164196252822876
1.163480281829834
1.2254705429077148
2.1720430850982666
2.3044848442077637
2.2534220218658447
2.1294314861297607
2.0956108570098877
2.1589865684509277
2.054781913757324
2.0986881256103516
2.130279541015625
2.0450820922851562
1.058772087097168
1.0399000644683838
0.9911260604858398
1.0294129848480225
0.991391658782959
0.997666597366333
1.0430729389190674
1.123905897140503
1.1019599437713623
2.0394551753997803
2.2486159801483154
2.106102466583252
2.112028121948242
2.169171094894409
2.2035605907440186
2.0888400077819824
1.221611738204956
1.0558576583862305
2.2551822662353516
2.168722152709961
2.1742360591888428
2.2414534091949463
2.254734754562378
2.0813190937042236
2.220740556716919
2.1805872917175293
2.0324933528900146
2.249009132385254
2.2523422241210938
0.9527475833892822
1.0145721435546875
1.0534610748291016
1.0206670761108398
1.057978630065918
1.0248520374298096
1.07017183303833
1.0711426734924316
1.0971643924713135
2.1302547454833984
2.175405740737915
2.328819990158081
2.1839499473571777
2.1752185821533203
1.0042638778686523
1.0466856956481934
0.9919641017913818
1.0003008842468262
1.0382297039031982
2.1911942958831787
1.0523035526275635
1.047072410583496
1.0391349792480469
2.053205966949463
2.176057815551758
2.2301571369171143
2.209536075592041
0.9863624572753906
2.0967276096343994
2.2157654762268066
2.0817151069641113
1.9862086772918701
2.0830161571502686
2.18591046333313
2.0944464206695557
2.1549742221832275
1.0496697425842285
1.0364117622375488
0.9909727573394775
0.9795703887939453
1.1119565963745117
1.089341640472412
1.105736255645752
1.012636423110962
1.091428518295288
1.0767168998718262
1.0211946964263916
1.0642411708831787
1.186410903930664
1.0350966453552246
1.0132815837860107
1.004089117050171
1.0947632789611816
1.0599632263183594
1.0538387298583984
1.0849714279174805
1.0709495544433594
1.0594592094421387
1.1032609939575195
1.1373908519744873
1.1003084182739258
1.218432903289795
1.1971213817596436
1.228562593460083
1.165036678314209
1.1547737121582031
1.223973035812378
1.2372312545776367
1.2215828895568848
1.1223371028900146
1.2207157611846924
2.260854482650757
2.2374351024627686
1.0064005851745605
1.063936471939087
1.0572636127471924
1.068181037902832
1.0578253269195557
2.1612751483917236
2.064439535140991
1.1371350288391113
1.0433812141418457
1.1083083152770996
1.1038475036621094
2.1266069412231445
2.186305522918701
2.1962814331054688
2.064532518386841
2.182894229888916
1.0696184635162354
1.036085844039917
1.0562305450439453
1.0526659488677979
1.0842578411102295
1.0528533458709717
1.0494673252105713
1.0359997749328613
1.0290594100952148
1.069483995437622
