[8, 6, 9, 22, 26, 18, 12, 1, 11, 26, 14, 7, 24]
[15, 5, 12, 9, 0, 2, 15, 12, 9, 13]
[26, 21, 26, 15, 5, 12, 20, 15, 5]
[9, 18, 11, 20, 19, 11, 6, 5, 16]
[18, 14, 25, 21, 15, 21, 0, 25, 25]
[23, 14, 21]
[25]
[3, 0, 11, 25, 15, 2, 4]
[18, 10, 11, 24, 24, 9, 9, 21, 21]
[18, 10, 18, 9, 18, 6, 16, 26, 23, 8, 2, 17, 22]
[19]
[6, 10, 16, 10, 10]
[14, 8]
[2, 24, 16, 18, 18, 17, 3, 26, 7, 8, 11, 4, 0]
[12, 1, 21, 1, 6, 21]
[4, 10, 16]
[11, 13, 16, 2, 24, 9, 8]
[22, 15, 18, 7, 11, 16, 2, 20, 25, 0, 21, 18, 10]
[18, 7, 5]
[15, 15, 21, 21, 4, 17, 19, 19, 2]
[4, 17]
[26, 7, 22, 5, 16, 24, 16, 22, 24, 12]
[26, 10, 4, 22, 17]
[18, 17, 19, 19, 14]
[1, 11, 2]
[11]
[24, 26, 21]
[13, 1, 19, 19, 2]
[10]
[7, 19, 25, 6, 11, 16, 22, 24, 12]
[18, 15, 1, 0, 14, 25, 2, 26, 9, 13, 10, 4, 15, 21]
[24]
