0.0045444020373656205
0.0036184128294944767
0.0010021414319190112
0.0018411031988991634
0.001170947619565328
0.0005817202787717184
9.744503322442371e-05
0.0013024392161403386
0.0017031481028874714
0.0025191799707027585
0.00010795292878832134
0.0005324636197169622
0.00025675289687243375
0.0021972055635030457
0.0007319981112241746
0.0003259862382888794
0.0011290556296450751
0.003813626611949848
0.0003173994084993998
0.0010637393218040467
0.00024388073122501373
0.0019621393722772597
0.0014152041383028032
0.0006618977828741074
0.00034184189455509185
6.097157862186431e-05
0.0003103541283448537
0.0011078374498128894
0.00010308400961558023
0.0017263954331954317
0.004193570798993111
9.702216998849596e-05
