1.219053030014038
2.2585556507110596
2.2587802410125732
2.2103271484375
2.2967758178710938
2.3090286254882812
2.3825337886810303
2.228472948074341
2.287151336669922
2.164626359939575
2.2185559272766113
2.391005516052246
2.354895830154419
2.1691691875457764
2.108004570007324
2.1302294731140137
2.1939685344696045
2.101083755493164
2.251685380935669
2.1735527515411377
2.1730992794036865
2.1942408084869385
2.21110200881958
1.0755906105041504
1.090442180633545
1.079601526260376
1.0961124897003174
1.0512166023254395
1.0334179401397705
1.0872480869293213
1.098236322402954
1.1116552352905273
1.0473110675811768
1.023036003112793
0.9918503761291504
1.0567822456359863
1.0462841987609863
1.152838945388794
2.2367043495178223
2.104475975036621
2.0838751792907715
1.114645004272461
1.0567495822906494
1.0471785068511963
1.0377514362335205
1.0763850212097168
1.0228393077850342
1.0053315162658691
1.0634229183197021
2.1110646724700928
1.105914831161499
1.0957889556884766
2.1601078510284424
0.9741256237030029
0.9965236186981201
1.0204594135284424
0.9727151393890381
1.0389652252197266
1.0436210632324219
2.1287615299224854
2.2281343936920166
1.0049359798431396
1.1672625541687012
1.0309290885925293
1.0188226699829102
1.0728988647460938
1.0318763256072998
2.095022678375244
2.1157894134521484
2.2328805923461914
1.0891003608703613
1.0915217399597168
1.1614105701446533
1.2075283527374268
0.9905197620391846
1.291778564453125
1.2914292812347412
1.2040495872497559
1.1311542987823486
2.3176519870758057
2.2079670429229736
2.2504000663757324
2.409984588623047
0.9853572845458984
1.0566551685333252
1.1643602848052979
1.0154786109924316
1.1067607402801514
0.979607105255127
1.047914981842041
1.069714069366455
1.244506597518921
1.1383628845214844
1.2533714771270752
1.1546039581298828
1.2337300777435303
1.2322156429290771
1.207406759262085
1.106086015701294
1.1476223468780518
1.155733585357666
1.162203311920166
1.1081764698028564
1.1543967723846436
1.0709059238433838
1.0649316310882568
1.050567388534546
1.049832820892334
1.0420093536376953
0.9942302703857422
0.9739189147949219
1.0646641254425049
1.0165832042694092
1.1237609386444092
1.1178748607635498
1.0208349227905273
1.0038411617279053
1.032114028930664
1.0299923419952393
1.0793888568878174
1.716581106185913
1.1569139957427979
1.1544525623321533
1.2061855792999268
1.1980135440826416
2.1712446212768555
2.2353720664978027
2.1113855838775635
2.1576945781707764
2.1730992794036865
2.303439140319824
2.1280694007873535
2.271461248397827
1.0239863395690918
1.0481903553009033
1.100759744644165
1.0851521492004395
1.0045762062072754
1.0716993808746338
1.0975341796875
1.0575671195983887
1.0931782722473145
1.0348997116088867
1.0488083362579346
1.0773673057556152
0.9998059272766113
1.090003252029419
1.1174266338348389
1.1169579029083252
1.119055986404419
1.0768811702728271
1.1465353965759277
1.09995698928833
1.086343765258789
2.210991382598877
2.1449100971221924
2.2345571517944336
1.0572705268859863
2.1183230876922607
2.0895488262176514
2.1682515144348145
2.2135326862335205
0.9936478137969971
1.012218952178955
1.045701265335083
1.0176160335540771
2.134169101715088
1.0789422988891602
1.0897789001464844
1.0350453853607178
0.914116621017456
1.075258493423462
1.00059175491333
1.0266568660736084
1.030005931854248
1.0546753406524658
1.0537464618682861
2.180335760116577
2.232957363128662
1.030496597290039
1.0739693641662598
1.0542337894439697
1.0458407402038574
1.0514271259307861
1.0324440002441406
1.087439775466919
2.109323501586914
2.243042469024658
2.247008800506592
1.1570677757263184
1.2690775394439697
1.0448229312896729
1.2451632022857666
2.1662838459014893
2.2738335132598877
2.2025210857391357
2.314626455307007
2.293006658554077
2.6098790168762207
2.301985740661621
2.136314868927002
2.3009183406829834
2.198788642883301
0.8855850696563721
