38.941919803619385
28.96616506576538
29.11417508125305
24.923332691192627
26.571667909622192
9.820876598358154
5.908328056335449
18.945621728897095
27.155126094818115
38.27663731575012
10.484944820404053
16.454394102096558
16.240087270736694
28.638054609298706
18.14095163345337
11.704518795013428
14.80517053604126
35.966899394989014
9.615986347198486
26.56142544746399
9.062054872512817
27.77718210220337
15.262649536132812
15.233398914337158
11.913764715194702
3.6962621212005615
8.466956853866577
14.548117637634277
6.074951648712158
24.737424850463867
41.3288094997406
10.471353530883789
