1.0541362762451172
1.0537621974945068
1.2095961570739746
1.078420877456665
1.0721228122711182
2.100064516067505
2.0420007705688477
2.193948984146118
2.270921230316162
2.209414482116699
2.228271245956421
2.1861937046051025
2.193089485168457
2.294039249420166
2.1992523670196533
2.165647506713867
2.200232744216919
2.236614465713501
2.2137064933776855
2.1537158489227295
2.2041478157043457
2.3256418704986572
1.0604808330535889
1.0767772197723389
1.0665342807769775
1.0610759258270264
1.10270094871521
1.06400728225708
1.0468873977661133
1.077986478805542
0.979487419128418
1.0181400775909424
1.0403435230255127
1.0481672286987305
1.038919448852539
1.0226812362670898
1.051058053970337
1.0419895648956299
1.0909695625305176
1.023402214050293
1.1231670379638672
1.0471563339233398
1.0312201976776123
1.1796424388885498
1.0743324756622314
1.0057899951934814
1.0040969848632812
1.0559022426605225
0.9982974529266357
1.0934746265411377
1.0535509586334229
1.0732355117797852
1.071394920349121
1.115943431854248
1.0488440990447998
1.0398273468017578
1.049851655960083
1.0817327499389648
1.073270559310913
0.979438066482544
0.9685511589050293
1.0383718013763428
1.0586111545562744
1.0812501907348633
1.0226666927337646
1.0736181735992432
1.0326690673828125
1.0604314804077148
1.0527465343475342
1.0543084144592285
1.0701160430908203
1.0957694053649902
1.146557092666626
1.1772375106811523
1.1990065574645996
1.1839654445648193
1.0853569507598877
1.1019062995910645
1.1129534244537354
1.1689422130584717
1.0887956619262695
1.0746469497680664
1.0388672351837158
1.0262327194213867
1.057654619216919
1.055901288986206
1.0484254360198975
1.110121250152588
1.0363550186157227
1.0426461696624756
1.063380241394043
1.0750019550323486
1.045048475265503
0.9912588596343994
1.0369024276733398
0.9918301105499268
0.9820294380187988
1.0613362789154053
0.9868524074554443
1.0064799785614014
1.0513358116149902
1.1033482551574707
1.108346700668335
1.059481143951416
1.042086124420166
1.0903511047363281
1.0810492038726807
1.0134382247924805
1.0378012657165527
1.0605006217956543
1.0144562721252441
1.0596179962158203
1.0284111499786377
1.094877004623413
1.1369514465332031
1.0885789394378662
1.078657627105713
1.0968561172485352
1.0705561637878418
1.020045280456543
1.0341169834136963
1.0156636238098145
0.9992029666900635
1.0259077548980713
1.031386137008667
0.9920361042022705
1.0683057308197021
1.0601880550384521
1.0399694442749023
1.0492019653320312
1.078282117843628
1.077584981918335
