0.0014280280450037549
0.001372894084095955
0.001746893808572633
0.00011874935007095337
0.0005461936831474305
0.0010662932063394122
0.0011022310312271118
0.00018985880637168882
0.0012866899939457577
0.000691681456398964
0.00036622686829566956
0.0029288582023143774
0.0003609547896623612
9.95852997303009e-05
0.001064702371345626
0.0027475468724727633
0.0003109739132324854
6.873897330760955e-05
0.0026945105459690094
6.923640410900116e-05
0.00010574582414627076
6.750250473022461e-05
0.001003425970223972
0.004889209917330742
