0.992781400680542
1.0139875411987305
1.0114474296569824
0.9782049655914307
2.0639431476593018
2.0990965366363525
2.178936243057251
1.0483002662658691
2.075446367263794
2.025308847427368
2.107421636581421
2.1020374298095703
1.0171048641204834
1.0466601848602295
2.1081950664520264
2.0634689331054688
2.1066482067108154
2.1545586585998535
2.1502320766448975
1.0839033126831055
1.0484325885772705
1.0386850833892822
1.0191774368286133
1.0294792652130127
0.983191728591919
1.0633454322814941
1.0700342655181885
1.0623345375061035
1.0655546188354492
1.1051952838897705
1.0494053363800049
1.0237400531768799
1.0595474243164062
1.0946037769317627
1.077099323272705
1.0733940601348877
1.0802271366119385
1.0930147171020508
1.0649333000183105
1.0394196510314941
1.0431182384490967
1.0599935054779053
1.0250575542449951
1.0453765392303467
1.1018614768981934
1.0995101928710938
1.045154333114624
1.104626178741455
1.0486557483673096
1.0259253978729248
1.0896217823028564
1.038285493850708
1.0941224098205566
1.0324428081512451
2.0359046459198
2.117966890335083
2.1969218254089355
1.1402251720428467
1.1282663345336914
1.2493886947631836
1.1490797996520996
1.2529685497283936
1.14976167678833
1.0568439960479736
1.1832280158996582
2.1524767875671387
2.222123861312866
2.0666990280151367
2.184441328048706
2.2177774906158447
2.2068538665771484
1.0195133686065674
1.0345983505249023
1.038902759552002
0.9333205223083496
1.1059930324554443
1.0589728355407715
1.151197910308838
1.074718713760376
1.0291073322296143
1.0046138763427734
1.0572986602783203
1.0241036415100098
1.073441505432129
1.1935627460479736
1.2150661945343018
1.0587785243988037
1.1721105575561523
1.204988956451416
1.135929822921753
1.2232980728149414
1.1309528350830078
1.1849851608276367
1.1202826499938965
2.1021924018859863
2.2255210876464844
2.1900806427001953
1.0718495845794678
1.0193686485290527
1.0174846649169922
1.030569314956665
1.0105061531066895
0.9982397556304932
1.3162918090820312
2.076923370361328
2.050069570541382
2.149672269821167
2.3054704666137695
2.210909605026245
2.1439971923828125
2.105408191680908
1.038027048110962
0.9910573959350586
1.0120315551757812
1.0520603656768799
1.0372936725616455
1.0390169620513916
1.0013148784637451
1.041548490524292
1.0627777576446533
1.0304224491119385
2.280301332473755
2.2135632038116455
2.1673502922058105
2.396146535873413
2.392491579055786
2.154636859893799
2.278775691986084
2.162290096282959
2.130260705947876
2.2090861797332764
2.338350296020508
2.446367025375366
2.159773826599121
