0.004940866797137261
0.0003358813606977463
0.00011399559364583757
0.001049524669769832
0.0020575691154638923
0.0007423325745820998
0.0035409626501835315
0.002247837795782089
0.0024063037556409836
0.0011485157660802204
0.00021391059901714325
0.0008063514782871518
0.0011061464140278952
0.0018662732856114706
0.0015705677032391233
0.00010793815433979035
0.0008132985839790767
0.00033995137577056886
0.0019353169239686087
0.0031932454564387986
0.001294148163392809
0.002440476316518254
0.0022822585405349732
0.001046950565637861
0.0001038824340690266
0.0002964577301502228
0.00026934682142734526
0.0010651315475384395
0.001115042780487878
0.0013099026336272559
0.000318950221657753
0.003143351497024757
0.0019192345172166826
9.395470764636993e-05
0.0034476869201149254
0.0010391747191292899
0.0014199426057100297
0.0005446428354581197
0.0020252852920134862
