2.2499895095825195
2.2756757736206055
2.4508302211761475
2.343549966812134
2.3573644161224365
2.174234628677368
2.449164628982544
2.160086154937744
2.2124252319335938
2.2855429649353027
2.235241174697876
2.2527782917022705
2.192389965057373
2.014885187149048
1.0256526470184326
1.108588695526123
1.0562331676483154
1.0699431896209717
1.0870370864868164
1.1036293506622314
1.0973875522613525
1.0753531455993652
1.066735029220581
1.0666077136993408
1.079838752746582
1.1685199737548828
1.1868712902069092
1.0521211624145508
2.119805335998535
2.184866189956665
2.2990307807922363
1.0989859104156494
1.0596530437469482
1.0279850959777832
1.0208418369293213
1.0579917430877686
1.0955755710601807
1.0459790229797363
1.2570340633392334
1.2097291946411133
1.201225996017456
2.2049975395202637
2.39635968208313
2.22698974609375
2.147308588027954
2.140554666519165
2.2723183631896973
2.1907076835632324
2.1411173343658447
2.2202303409576416
1.0343983173370361
1.0574076175689697
2.107313871383667
2.075282335281372
2.0693955421447754
2.0938189029693604
2.0945754051208496
2.0452256202697754
1.1396799087524414
1.0306601524353027
1.0533826351165771
1.1098439693450928
2.114047050476074
2.2487785816192627
2.1651382446289062
2.1596286296844482
2.1729626655578613
2.4086854457855225
1.080381155014038
1.109311580657959
1.0759859085083008
1.0213892459869385
2.136460781097412
2.1881866455078125
0.9724369049072266
0.9521811008453369
1.0339179039001465
1.017796277999878
1.0523583889007568
0.9870662689208984
1.0397648811340332
1.1494643688201904
1.0797314643859863
1.0441772937774658
1.0506222248077393
1.0341293811798096
1.0576837062835693
1.0369901657104492
1.0361876487731934
0.9977078437805176
1.0408735275268555
1.0733356475830078
1.096503734588623
1.041654109954834
1.0719666481018066
2.1876354217529297
2.1543476581573486
2.2077388763427734
2.1194956302642822
1.0122385025024414
1.0261309146881104
2.090132474899292
2.1599507331848145
2.0428178310394287
2.136854648590088
1.0116040706634521
1.0653138160705566
1.0743355751037598
0.9997451305389404
1.0701494216918945
1.035447359085083
1.021416187286377
1.0510845184326172
1.063859462738037
1.0605812072753906
1.061607837677002
1.1059410572052002
1.1982300281524658
1.321730136871338
1.2092921733856201
1.1510100364685059
1.1325747966766357
1.1942353248596191
1.0451734066009521
1.2043986320495605
1.2057363986968994
1.1337859630584717
1.0790081024169922
1.1104321479797363
1.0678582191467285
1.1994216442108154
1.1587738990783691
1.2266833782196045
1.18989896774292
1.0147807598114014
1.1626203060150146
2.084862232208252
2.1207756996154785
2.0995850563049316
2.3782384395599365
2.1545042991638184
2.2452409267425537
1.0594708919525146
1.0825777053833008
1.0750060081481934
1.0505521297454834
1.0485553741455078
1.0480449199676514
1.0484538078308105
1.064060926437378
2.1088762283325195
1.0137102603912354
1.0645503997802734
2.0980401039123535
2.0934643745422363
2.1051383018493652
2.1215596199035645
2.124636173248291
2.1480484008789062
2.1225595474243164
1.098001480102539
1.0728590488433838
1.091855525970459
2.138803720474243
2.068876266479492
2.076125383377075
2.117581367492676
2.0447442531585693
2.087759017944336
1.043764352798462
1.0268139839172363
1.018975019454956
1.052309274673462
1.1115095615386963
1.0573852062225342
2.1431057453155518
1.0079445838928223
1.0924317836761475
1.1121923923492432
1.0282845497131348
0.9695425033569336
0.981752872467041
0.9859654903411865
1.0170578956604004
1.0881080627441406
1.0495028495788574
1.1083004474639893
1.0533366203308105
1.0352449417114258
1.0938594341278076
1.0893797874450684
1.0485188961029053
1.0557725429534912
1.0103065967559814
1.0433568954467773
1.0532822608947754
1.038501501083374
1.0567684173583984
1.0578796863555908
1.2785184383392334
1.078437328338623
1.0721099376678467
1.0818064212799072
1.0690274238586426
1.0646507740020752
1.0275871753692627
1.0714483261108398
1.07822847366333
1.003596544265747
1.0035006999969482
0.9821269512176514
1.1477484703063965
1.2306320667266846
1.1038706302642822
1.151620626449585
1.1366803646087646
1.2727563381195068
1.0833003520965576
2.29396390914917
2.278893232345581
2.21757173538208
2.2140564918518066
2.440441846847534
2.3145811557769775
1.0630817413330078
1.009432077407837
1.032721757888794
2.0646231174468994
1.995497465133667
2.159841537475586
2.109393835067749
2.1097593307495117
1.024587869644165
1.2081856727600098
1.2294251918792725
1.1039831638336182
1.250661849975586
1.1644322872161865
1.2363207340240479
1.0295279026031494
2.1953046321868896
2.2097322940826416
2.277400016784668
2.167266845703125
2.0653419494628906
2.253573179244995
2.341569662094116
0.9848785400390625
1.0248229503631592
1.0234973430633545
1.0064074993133545
1.084150791168213
1.048372507095337
2.2189455032348633
1.4016237258911133
1.0679924488067627
1.3431015014648438
1.058952808380127
1.3093628883361816
1.2912712097167969
2.564333915710449
2.130821704864502
0.9945783615112305
0.9958386421203613
2.093383312225342
1.0709071159362793
1.0348424911499023
1.0540392398834229
1.0391879081726074
2.098215341567993
2.1677701473236084
2.1749727725982666
2.2231857776641846
2.3227224349975586
