38.58126187324524
3.823002338409424
12.482192516326904
16.567940711975098
22.487101078033447
18.372925758361816
38.38920855522156
23.696280002593994
30.078327894210815
18.395073175430298
14.159668922424316
21.013864517211914
14.45641040802002
25.92554545402527
17.990817308425903
8.043057203292847
23.180098295211792
11.672462224960327
34.030855894088745
34.058892488479614
26.502696990966797
26.715434789657593
27.563679695129395
20.975579738616943
14.538533449172974
10.88733696937561
10.787076234817505
25.50933265686035
14.454712152481079
21.788179397583008
11.509657144546509
36.20117998123169
23.700921535491943
7.119127988815308
38.102222204208374
20.80836296081543
24.1699640750885
9.668768644332886
27.021419048309326
