1.7572195529937744
10.589059591293335
7.8366169929504395
11.69320034980774
6.785415410995483
2.8654351234436035
11.61324167251587
3.056743860244751
10.66632890701294
2.617846727371216
5.052310943603516
8.116323471069336
8.781409502029419
2.6523516178131104
8.867750644683838
2.881843328475952
1.6930923461914062
11.681924819946289
2.9110236167907715
7.638822793960571
7.689315557479858
1.8001823425292969
6.473607301712036
11.706788301467896
1.78501558303833
7.618438243865967
4.809705018997192
5.511578321456909
1.6720986366271973
7.649099826812744
7.961008548736572
1.8572256565093994
8.988250017166138
