[7, 18, 6, 16, 12, 0, 15, 21, 12, 7, 2, 0, 0]
[3, 14]
[1]
[15, 12, 5]
[21, 11, 18, 20, 19, 11, 16, 14]
[19, 21, 11, 18, 1, 20, 12, 10, 3]
[4, 3, 1, 8, 19, 20, 11]
[16, 15, 18, 7, 14]
[8, 19, 20, 20, 18, 19, 16, 20, 1, 15]
[19, 12, 5, 4, 8, 4, 21, 9, 15, 17, 20, 10, 1, 7, 20]
[4, 6, 12, 19, 7, 17, 20, 16, 20]
[0, 10, 8, 15, 9, 4, 3]
[9, 5, 0, 17, 1, 19, 11, 0]
[6, 18, 16, 17, 18]
[2]
[0, 20, 3, 13, 6, 6, 17, 7, 11, 21]
[14, 16, 19, 10, 9, 8, 15, 16, 0, 17, 13, 5, 6, 13]
[17, 20, 18, 9, 4, 0, 0, 0]
