1.146317958831787
1.1499617099761963
1.2166316509246826
1.2504281997680664
2.3452000617980957
2.1802780628204346
2.293757677078247
2.1966023445129395
2.2095582485198975
2.184903860092163
2.1312270164489746
2.212292432785034
2.2997889518737793
1.0874760150909424
1.047039270401001
0.9996218681335449
1.070178747177124
1.0474467277526855
1.077368974685669
1.0100946426391602
1.069514513015747
1.079439640045166
1.050445318222046
1.077561616897583
1.0539219379425049
1.070622205734253
1.0548994541168213
1.076352596282959
1.0827317237854004
1.1158223152160645
1.0917129516601562
1.0496909618377686
1.1002299785614014
1.0378167629241943
1.04548978805542
1.0881400108337402
1.0656042098999023
1.081902027130127
1.0025322437286377
1.056969404220581
1.002908706665039
0.969977617263794
2.129528284072876
1.047159194946289
1.0049848556518555
1.071699619293213
0.9758932590484619
2.092128276824951
1.0336523056030273
1.03676176071167
1.0172650814056396
2.0900774002075195
2.1722419261932373
2.077265739440918
2.2070302963256836
2.0833518505096436
2.269484758377075
2.125274896621704
1.259885549545288
1.252748966217041
1.2190053462982178
1.1570546627044678
1.170020580291748
1.1750102043151855
2.396904468536377
2.327927589416504
2.217907190322876
2.1948044300079346
2.295779228210449
2.3474414348602295
2.3013174533843994
2.270953416824341
2.253159761428833
1.0499284267425537
1.0831849575042725
1.088482141494751
1.1185004711151123
1.061293125152588
1.0557820796966553
1.1073787212371826
1.0486621856689453
1.1631505489349365
1.0673894882202148
1.0422143936157227
1.0552177429199219
0.9983265399932861
1.0257060527801514
1.0458893775939941
1.0483334064483643
1.070554256439209
1.0326640605926514
1.0452067852020264
1.065727710723877
1.0475473403930664
1.0635218620300293
2.231440544128418
2.038985013961792
0.9787135124206543
1.0371475219726562
1.0547361373901367
1.0578601360321045
2.179283857345581
0.9537947177886963
1.152649164199829
1.0614385604858398
1.1090941429138184
1.0208408832550049
1.0495119094848633
1.064314603805542
1.1774864196777344
2.1233034133911133
2.1824989318847656
2.3212342262268066
1.1920802593231201
1.2680654525756836
2.352663278579712
2.2358126640319824
2.15805983543396
2.318866014480591
2.35518217086792
2.2003695964813232
2.3790998458862305
2.370544195175171
2.264833927154541
2.189588785171509
2.3531699180603027
2.245171070098877
0.9993891716003418
1.0466961860656738
1.002042531967163
1.0166041851043701
0.9613156318664551
2.117638111114502
2.0201265811920166
2.1307010650634766
