[23, 2, 0, 2, 12, 14, 12, 12]
[14, 10, 10, 15, 12, 21, 19, 18, 21, 11, 3, 23, 5, 19, 20]
[18, 12, 1, 4, 1, 9, 6, 19, 23, 18, 18, 14, 1]
[22, 13, 17, 17, 7, 2, 0, 15, 3, 11]
[3, 4, 5, 19, 13, 20, 20, 8, 15, 13, 12, 15, 23, 16, 21]
[9, 13, 6, 21, 23, 20, 5]
[23, 16, 16, 21, 20, 5]
[8, 0, 8, 2, 7, 16, 18]
[9, 7, 23]
[3, 20, 19, 10, 3, 11, 0, 11, 12, 4, 20, 17, 1]
[11, 4, 19, 21, 21, 20, 14, 0, 4]
[1, 14, 19, 14, 16, 19, 10, 4, 22, 1, 11, 18, 14, 12, 15]
[6, 22, 7, 18, 3, 13, 8, 16, 11]
[10, 11, 12, 3, 19, 14, 18]
