1.0083394050598145
1.021669626235962
1.1400980949401855
1.0128870010375977
1.0890493392944336
2.087568998336792
2.2205722332000732
2.1789050102233887
2.2499046325683594
2.374845027923584
2.362567901611328
2.2997660636901855
2.257479190826416
2.266335964202881
2.282491683959961
2.3130416870117188
2.1853408813476562
2.228548288345337
2.2451436519622803
3.045743942260742
2.3897933959960938
2.361294984817505
2.366154670715332
1.0819449424743652
1.236402988433838
1.1745235919952393
1.219330072402954
1.258650541305542
1.1576504707336426
1.1410942077636719
1.2235140800476074
1.2191975116729736
2.243741750717163
2.1070358753204346
2.247837543487549
2.3297531604766846
1.1114099025726318
0.996779203414917
1.048614740371704
1.0373101234436035
1.075373649597168
1.0378108024597168
1.0701684951782227
1.0744123458862305
1.039778232574463
2.4337239265441895
1.2633106708526611
1.1318399906158447
1.1886847019195557
1.2547149658203125
1.1993942260742188
1.1936442852020264
1.200993299484253
1.2547969818115234
1.1970806121826172
2.302692174911499
2.363725185394287
2.308236837387085
2.3557703495025635
2.3454782962799072
2.3420755863189697
1.0387964248657227
1.0646259784698486
1.0731251239776611
0.987560510635376
1.0141499042510986
1.0089030265808105
1.068103551864624
1.011305332183838
1.0418760776519775
1.0497894287109375
0.9855010509490967
0.9536786079406738
1.016209602355957
1.0231389999389648
1.0123744010925293
1.1093802452087402
1.0443394184112549
1.0527868270874023
1.0425703525543213
1.0943734645843506
1.0352113246917725
1.0262603759765625
1.0609474182128906
1.073089838027954
1.0889058113098145
1.1981947422027588
1.2205166816711426
1.1878242492675781
1.098114252090454
1.2090554237365723
1.1659376621246338
1.110198736190796
1.2121055126190186
1.228273868560791
2.170013666152954
2.17187237739563
1.0579931735992432
1.0110225677490234
1.0595412254333496
1.0586771965026855
2.091212034225464
2.128211498260498
2.23211407661438
2.148611068725586
2.2096147537231445
1.2713139057159424
1.198136806488037
1.138077974319458
1.2649507522583008
2.2775728702545166
2.151397466659546
2.2879140377044678
2.3330607414245605
2.2978804111480713
2.238429307937622
2.286839008331299
2.2532851696014404
2.2660670280456543
2.5128355026245117
2.339498519897461
1.0778753757476807
1.0487759113311768
1.085434913635254
1.0849308967590332
2.262601137161255
2.470278263092041
2.03066086769104
2.141488790512085
2.1882083415985107
1.09922456741333
1.119084119796753
1.0264673233032227
1.0584959983825684
2.1186165809631348
2.050128221511841
2.222074031829834
