1.113976001739502
1.0868079662322998
2.0542819499969482
2.0939083099365234
2.1721861362457275
2.339859962463379
2.2077953815460205
2.1713144779205322
2.169623613357544
2.200430393218994
2.238004446029663
2.274843692779541
2.326962471008301
2.1039602756500244
2.1365809440612793
2.2361888885498047
2.043560028076172
2.2406680583953857
2.3277995586395264
2.2760465145111084
2.1596779823303223
2.2990505695343018
2.3147783279418945
1.2742083072662354
1.144300937652588
1.103135108947754
2.2897510528564453
2.167841911315918
2.2623627185821533
2.3015811443328857
2.2708146572113037
2.333672046661377
2.379967212677002
2.2298693656921387
2.5181238651275635
2.3457889556884766
1.024653434753418
1.1131184101104736
1.040045976638794
1.0776410102844238
1.0497326850891113
1.0540692806243896
1.0467922687530518
1.0578486919403076
1.0427541732788086
1.037388563156128
0.9708166122436523
1.0264928340911865
1.0401442050933838
1.0497031211853027
2.101069688796997
1.0744731426239014
1.176072359085083
1.162733554840088
1.1748218536376953
1.286397933959961
1.1059799194335938
1.1604454517364502
2.1468379497528076
2.300804853439331
2.3533120155334473
2.2457435131073
2.17871356010437
2.2332611083984375
1.111220359802246
1.099956750869751
2.106732130050659
2.0578811168670654
2.1292552947998047
2.146235942840576
2.082407236099243
1.2370831966400146
1.2474403381347656
1.060276746749878
1.133676528930664
2.1883649826049805
2.193056106567383
2.2779688835144043
2.1589858531951904
2.237044334411621
2.208381175994873
2.321312427520752
2.3429696559906006
2.214254379272461
2.41143536567688
0.9231576919555664
1.0656733512878418
0.9687433242797852
0.9845254421234131
1.0704798698425293
1.1041488647460938
1.2125115394592285
1.0313434600830078
1.0966827869415283
1.2284369468688965
1.1449828147888184
1.1288561820983887
1.2396111488342285
2.3152689933776855
2.2467358112335205
2.2616939544677734
2.205291271209717
2.277657985687256
2.154179334640503
2.2056219577789307
2.115746021270752
0.9869914054870605
0.9920873641967773
2.056704521179199
2.1882739067077637
2.117351531982422
2.3358652591705322
2.290144920349121
0.9471042156219482
1.026578664779663
1.0579626560211182
1.0600025653839111
1.0593385696411133
0.9742937088012695
1.0432636737823486
