11.558670997619629
21.8495774269104
1.7332355976104736
2.887052059173584
6.767484903335571
8.978703022003174
9.001607656478882
7.795118570327759
6.583737134933472
21.59658646583557
7.411482095718384
8.7820405960083
2.658815383911133
5.833733558654785
2.8071107864379883
8.153893947601318
11.530945539474487
10.997110605239868
1.8237230777740479
12.454371929168701
8.097734451293945
22.47951364517212
1.8693242073059082
6.882234811782837
7.161638021469116
1.8136422634124756
1.7161097526550293
10.722858428955078
8.155084371566772
1.8720014095306396
9.049134492874146
11.396211385726929
1.833113431930542
6.328697443008423
10.543755054473877
7.750060081481934
2.9125993251800537
8.215473651885986
6.088165044784546
