1.0616626739501953
1.0470054149627686
1.0191197395324707
1.038848638534546
0.9553186893463135
0.9598395824432373
2.155388355255127
2.1173036098480225
1.102829933166504
1.073512315750122
1.0435423851013184
0.9847517013549805
1.0293002128601074
1.0748918056488037
1.0725102424621582
1.0129868984222412
1.054891586303711
1.0654239654541016
0.9740502834320068
1.0690665245056152
1.0218961238861084
1.0528240203857422
0.9954369068145752
1.054206132888794
1.069525957107544
1.0382792949676514
0.9929029941558838
0.9898178577423096
1.0321054458618164
1.0684309005737305
1.065669059753418
1.0624909400939941
1.0443341732025146
1.081618309020996
1.019777774810791
1.0243923664093018
1.0267751216888428
1.078012466430664
0.9864218235015869
1.0122144222259521
1.0240576267242432
0.9635958671569824
1.0538861751556396
1.0548105239868164
1.0491409301757812
1.0669357776641846
1.089918613433838
0.9670648574829102
1.0181145668029785
1.0496783256530762
1.0289065837860107
1.0356419086456299
1.254795789718628
1.1985745429992676
1.1640069484710693
1.1666059494018555
1.146493911743164
1.143996238708496
1.2176368236541748
1.1258769035339355
1.2216250896453857
1.128248929977417
1.3324346542358398
1.1503474712371826
1.2142016887664795
0.9993364810943604
1.0621614456176758
1.040827989578247
1.2095036506652832
1.0298435688018799
1.0001695156097412
1.004112958908081
1.0149528980255127
1.0697877407073975
1.0510437488555908
1.077488899230957
1.0688056945800781
1.040527105331421
1.0517003536224365
1.0511441230773926
1.0719397068023682
1.081331729888916
1.0688955783843994
1.0630545616149902
1.0326590538024902
1.0501151084899902
1.0512590408325195
1.09010648727417
1.1233775615692139
1.1817080974578857
1.198143720626831
1.2032349109649658
1.2357299327850342
1.1372933387756348
1.1787827014923096
1.2250266075134277
1.1532578468322754
1.28360915184021
1.1216819286346436
1.2518386840820312
1.2420341968536377
1.154712438583374
1.2321081161499023
1.093177318572998
0.9770679473876953
1.052717924118042
1.0167720317840576
2.1722707748413086
2.105858087539673
2.154879570007324
2.050104856491089
2.101933240890503
1.074045181274414
1.088041067123413
1.06325364112854
1.0443429946899414
1.0672392845153809
1.0313527584075928
2.0492424964904785
2.1089303493499756
2.0957815647125244
1.1444134712219238
1.0225296020507812
1.1262106895446777
0.9825913906097412
2.248534917831421
2.015103816986084
2.094816207885742
4.667426824569702
2.218071222305298
1.1759192943572998
1.1972413063049316
1.1999504566192627
1.1088588237762451
1.191828966140747
1.1476640701293945
1.2117159366607666
1.19870924949646
1.2081918716430664
1.0428721904754639
1.0979926586151123
1.1531999111175537
1.1355035305023193
1.0156807899475098
1.0707275867462158
1.0092179775238037
1.0553882122039795
1.0733094215393066
1.0682389736175537
1.0933094024658203
1.128037691116333
1.0479295253753662
1.0053579807281494
1.0551698207855225
1.0865280628204346
1.0658724308013916
1.0440089702606201
1.058842420578003
0.9926965236663818
1.0713536739349365
1.0522396564483643
2.080362319946289
1.0284144878387451
1.0143332481384277
2.074683427810669
2.1160848140716553
2.1039657592773438
2.079388380050659
