0.002729151195090158
0.0001238123132944107
0.0016000202312094827
0.000911811148262024
0.0024673024249076848
0.001718017249441147
0.0011710971756458282
0.0011166349110330856
0.003154329282593727
0.0010217672304289683
0.00034378568315505985
0.0035444611419549357
0.0003529794788334105
0.0013987881134510042
0.00037040424478054047
0.002053509678583879
0.00036962496564388276
0.0005597700069427491
0.002653297152223954
0.0017110888858556748
0.0008035519025325775
0.0009931613494634627
0.00018724359998703003
0.003593400770068169
0.0036301433413585024
0.00012489709389209747
0.0003050255094687144
8.904517953395845e-05
0.001546401331281662
0.0010276313286542893
0.001286009343401591
0.0036158301603794103
0.001679626395479838
0.0019240164611339572
