1.1414904594421387
1.193803071975708
1.1169512271881104
1.1319184303283691
1.189521312713623
1.2565333843231201
1.1678533554077148
1.235832691192627
1.1692628860473633
1.1099083423614502
2.289613723754883
2.3559396266937256
2.262942314147949
2.213916540145874
1.0609452724456787
1.0156583786010742
1.0506784915924072
0.9878029823303223
2.2102794647216797
2.1819257736206055
2.0708508491516113
2.066361427307129
1.034304141998291
0.9358289241790771
1.0333046913146973
2.1707725524902344
2.022404909133911
0.9834985733032227
2.2033679485321045
2.08327317237854
2.141580104827881
2.225623607635498
2.120804786682129
2.0889892578125
2.153526782989502
1.0792386531829834
1.0871219635009766
1.1258220672607422
1.0832369327545166
0.9946737289428711
1.0647344589233398
2.1576530933380127
2.1687028408050537
2.120725154876709
1.09108567237854
1.0902628898620605
1.1256964206695557
1.0817735195159912
1.100940227508545
1.1184399127960205
1.0646679401397705
1.048616886138916
1.034949541091919
1.0150442123413086
1.0654034614562988
1.092841386795044
1.0394296646118164
1.0358846187591553
1.052999496459961
1.0247111320495605
1.2607858180999756
1.242483377456665
1.2014472484588623
1.2217721939086914
1.2372865676879883
1.1447739601135254
1.2644643783569336
1.2220861911773682
1.1287720203399658
1.2477452754974365
2.3619697093963623
2.311145305633545
2.2749979496002197
2.1468653678894043
2.3849613666534424
0.968275785446167
1.0818169116973877
1.0238463878631592
1.0226399898529053
1.0389368534088135
1.0460634231567383
2.068934679031372
1.0953388214111328
1.0516018867492676
1.0750432014465332
1.1299653053283691
1.1589198112487793
1.136284351348877
1.1397490501403809
1.1052000522613525
2.244418144226074
2.1633710861206055
2.255744218826294
2.268559694290161
2.2007882595062256
2.258275270462036
2.1990811824798584
2.163971185684204
1.0589637756347656
1.0546042919158936
1.0622944831848145
1.0501246452331543
1.0791597366333008
1.2143983840942383
1.0759332180023193
1.0718626976013184
1.156818151473999
1.1337616443634033
1.0803136825561523
1.0924646854400635
1.0853219032287598
1.0473310947418213
1.0704081058502197
1.0562474727630615
1.172109603881836
1.3008346557617188
1.1605651378631592
1.2386994361877441
1.1016900539398193
1.0805912017822266
1.1238317489624023
1.1265554428100586
1.1270179748535156
1.152904987335205
1.2480080127716064
1.1666793823242188
1.1075384616851807
1.0953521728515625
1.0500767230987549
1.0218801498413086
1.0676915645599365
1.0509846210479736
1.0430688858032227
1.0572431087493896
1.0272161960601807
1.2687597274780273
1.0934598445892334
1.1498758792877197
1.1824390888214111
1.1933677196502686
1.2474086284637451
1.097381353378296
1.1165766716003418
1.252490758895874
2.3342673778533936
2.183736801147461
2.193066120147705
2.206644296646118
1.0539963245391846
1.0780425071716309
1.0488665103912354
1.0586578845977783
0.9903225898742676
1.1917877197265625
2.099231243133545
2.157360076904297
2.1516942977905273
1.0843563079833984
1.0503051280975342
1.059906244277954
1.0359666347503662
1.0784006118774414
1.0417766571044922
1.0644090175628662
1.0325002670288086
1.0527284145355225
0.9856328964233398
1.0458896160125732
1.257544994354248
1.0643279552459717
1.0419094562530518
1.029846429824829
1.062286376953125
0.9796285629272461
1.1494507789611816
1.0462641716003418
1.0560154914855957
1.0926291942596436
1.1264755725860596
1.225381851196289
2.2029001712799072
2.387755870819092
2.225123405456543
2.168522596359253
2.2151646614074707
2.3568146228790283
2.3464131355285645
1.1783356666564941
1.2547872066497803
1.233004093170166
1.2334263324737549
1.242182970046997
1.2109668254852295
1.1329960823059082
1.1847569942474365
2.408219575881958
2.4048166275024414
2.21443247795105
2.3539130687713623
2.2425029277801514
2.312307357788086
2.316774845123291
1.0702407360076904
0.9988865852355957
1.015390157699585
1.0349619388580322
0.8901550769805908
1.0346660614013672
1.0454843044281006
1.0671319961547852
1.0315966606140137
0.9757208824157715
1.0124471187591553
1.0633206367492676
1.0309011936187744
1.0152838230133057
0.9906632900238037
1.090545415878296
1.0087449550628662
1.0116057395935059
1.0303924083709717
0.9929616451263428
2.1729516983032227
1.082174301147461
1.042006492614746
1.1079235076904297
1.0311274528503418
1.0083580017089844
0.9652628898620605
1.0454895496368408
1.0019912719726562
2.234692335128784
2.0707714557647705
2.1995716094970703
2.1335902214050293
2.152742624282837
2.260363817214966
2.1989827156066895
2.10675311088562
2.162109851837158
2.1406750679016113
2.265082359313965
1.0015063285827637
1.097118854522705
1.0746738910675049
1.0592517852783203
0.9889798164367676
1.0170361995697021
2.176027774810791
2.0517940521240234
2.1276607513427734
0.999645471572876
1.064659833908081
1.0641303062438965
2.0226316452026367
2.0652737617492676
2.075873851776123
2.124424457550049
2.1614584922790527
