41.11423921585083
4.940202713012695
20.162042140960693
15.11313533782959
23.969717264175415
26.613262176513672
33.09690856933594
15.421836853027344
42.576204776763916
21.235443830490112
11.729083776473999
36.1007981300354
15.838840961456299
26.16987180709839
13.07605791091919
31.85689091682434
10.861768245697021
15.331850528717041
36.856794357299805
27.08732008934021
26.13937735557556
21.58167576789856
8.872396230697632
32.94521713256836
44.47266459465027
9.140692472457886
8.496650218963623
9.137947797775269
17.198857069015503
21.24756956100464
27.04511308670044
29.6932590007782
26.74342155456543
23.701903343200684
