10.54676604270935
7.542564868927002
8.864493131637573
2.689016580581665
3.9980075359344482
8.468693971633911
5.888406991958618
8.718966245651245
13.297969579696655
12.857386112213135
9.901391983032227
1.677621603012085
1.7276511192321777
4.908588171005249
11.481398582458496
2.8555593490600586
10.104607582092285
10.576579093933105
2.6316747665405273
11.554871559143066
2.878495931625366
10.638627290725708
2.937608480453491
1.8761460781097412
1.8395559787750244
7.632890224456787
12.936228275299072
13.637916803359985
10.441824674606323
22.431904792785645
1.69577956199646
9.99987268447876
1.817871332168579
13.52833604812622
8.798266649246216
9.727676153182983
2.8703842163085938
6.52025294303894
7.41374945640564
10.65669560432434
6.59857702255249
3.9372172355651855
7.611175775527954
2.7254140377044678
11.517752647399902
8.188718795776367
6.649284601211548
11.347585916519165
8.282727003097534
8.826659679412842
7.919543266296387
6.02344012260437
7.800853490829468
3.758307695388794
10.365257024765015
10.396590948104858
