1.0660147666931152
1.0780937671661377
1.0502831935882568
1.0137829780578613
1.0563948154449463
2.092607259750366
2.174349546432495
2.1035923957824707
2.1693923473358154
2.2806320190429688
2.2250850200653076
2.274127721786499
2.137404441833496
2.3108675479888916
2.2438125610351562
2.267890214920044
2.2040629386901855
2.2473559379577637
2.234671115875244
2.2818586826324463
2.283860683441162
2.38159441947937
1.07509446144104
1.024718999862671
1.0711791515350342
1.0486974716186523
1.0186355113983154
1.0624446868896484
1.1205980777740479
1.1057043075561523
1.0813839435577393
1.0760774612426758
1.0800588130950928
1.090235948562622
1.1170551776885986
1.0521869659423828
1.0358986854553223
1.0391762256622314
1.0654175281524658
1.1315267086029053
1.0604336261749268
1.0595755577087402
1.1311872005462646
1.0272254943847656
1.0646765232086182
1.086106300354004
1.0153379440307617
1.0001187324523926
1.045154094696045
1.0073890686035156
1.051807165145874
1.058109998703003
1.1309924125671387
1.0752220153808594
1.0925042629241943
1.0830953121185303
1.0486130714416504
1.0881402492523193
1.0408878326416016
1.0086274147033691
0.915780782699585
1.0714373588562012
0.988013744354248
1.0724611282348633
1.022714614868164
1.0827186107635498
1.009019136428833
1.042320966720581
1.0409326553344727
1.0195763111114502
1.0384633541107178
1.1116328239440918
1.109442949295044
1.160416603088379
1.0316016674041748
1.8983163833618164
1.0343728065490723
1.062004804611206
1.059312343597412
1.060509204864502
1.070378065109253
1.0643091201782227
1.015061855316162
1.0483407974243164
1.0570650100708008
1.0510663986206055
1.0726661682128906
1.0810391902923584
1.0267837047576904
1.016448736190796
1.0612711906433105
1.050124168395996
1.0305709838867188
0.9862451553344727
0.9948513507843018
1.015408992767334
0.9592509269714355
1.0375237464904785
1.0580344200134277
1.0528500080108643
1.0009105205535889
1.0495615005493164
1.0157368183135986
0.9985957145690918
1.045809030532837
1.0432488918304443
1.0703184604644775
1.108217477798462
1.0903196334838867
1.073744773864746
1.0303351879119873
1.0513579845428467
1.0623376369476318
1.0825581550598145
1.013864517211914
0.999812126159668
1.0340971946716309
1.0505890846252441
1.0293071269989014
1.078235149383545
1.043790340423584
1.0267443656921387
0.9577269554138184
1.1105451583862305
1.027024507522583
1.0524015426635742
1.0081593990325928
1.1134068965911865
1.0380775928497314
1.0718975067138672
1.0317227840423584
1.0808866024017334
