[4, 8, 4]
[23, 19, 9, 15, 6, 19, 24, 16, 7]
[26, 25, 23, 22, 10, 13, 12, 19, 2]
[14, 1, 14, 23, 1, 16, 1, 18, 5, 20, 19, 23, 8]
[24, 12, 15]
[21, 21, 22]
[21, 17, 18, 11, 11, 2, 12, 16, 18]
[9, 25, 25, 1, 17, 16, 8, 17]
[25, 25, 17]
[5, 22, 8, 16, 7, 14]
[14, 7, 2, 8, 18, 17, 7, 19, 23, 15, 13, 5, 19, 7, 8]
[3, 25, 24]
[20]
[21]
[12, 9, 1, 7, 10, 16, 14, 2, 17]
[25, 16, 16]
[14, 9, 25, 2, 11, 19, 5]
[15, 1, 21, 20, 4, 4, 1]
[11, 11, 2, 9, 21, 2, 22]
[20, 0, 18, 24, 26, 18, 21, 18, 16, 11]
[23, 11, 0, 17, 0, 12, 21, 11, 21]
[1, 10, 7, 25, 0, 3, 13]
[16, 6, 7, 13, 26, 25, 24, 24, 15]
[4, 21, 16]
[26, 21, 4, 20, 12, 8, 14, 8]
[21, 2, 4, 2, 9, 8, 19, 9]
[12, 26, 6, 24, 22, 21, 11, 11, 7, 23, 25, 7, 26]
[21, 17, 2, 0, 16, 5, 21, 1]
[13, 16, 14, 11, 13, 17, 25, 3, 17, 13]
[10, 10, 4, 17, 12, 20, 24, 19]
[13, 1, 18, 1, 6, 26, 9, 11, 2]
[0]
[23, 13, 15, 25, 3, 21, 6, 9, 2]
