0.00033988125779893665
0.0012557443016926447
0.0018390155877669656
0.0033964195481905575
0.0003475812818129857
0.00032215668830871583
0.0012448264842669168
0.0011826312005519869
0.00028674912242889405
0.001786862284898758
0.005663872063207627
0.0003159343626658121
0.00011154690909385683
0.00011550732007026672
0.0011717106077512108
0.0004122785084962845
0.0009175548779794148
0.0009940726366690228
0.0022667010783672336
0.002654745380902291
0.0017312807700792948
0.0007765057546702298
0.0014201508117993673
0.0003565055941820145
0.0016537414098501207
0.0010037018758535384
0.0018263906069676081
0.0012056093625307084
0.0020222139388561254
0.0022458170177936557
0.0015975609032471978
0.00010713653386320386
0.000988725750218738
