1.0460939407348633
1.0234348773956299
0.9884850978851318
1.0044524669647217
1.0278503894805908
1.105306625366211
1.0261781215667725
1.0965852737426758
1.0225629806518555
1.0687804222106934
1.0763764381408691
0.987635612487793
1.0011920928955078
1.0636746883392334
1.0422911643981934
1.1219043731689453
1.0295047760009766
1.0532946586608887
2.126331329345703
2.1722300052642822
2.118285894393921
1.1726641654968262
1.0371651649475098
1.1584172248840332
1.042449951171875
1.2573633193969727
2.149350643157959
2.266242265701294
2.2986152172088623
2.172729015350342
2.250335216522217
2.290151596069336
2.3381638526916504
2.21449875831604
1.0457432270050049
1.0313332080841064
1.0502169132232666
1.0366384983062744
1.025510549545288
1.0295658111572266
1.0571057796478271
1.0434215068817139
1.094318151473999
1.0835611820220947
0.9559252262115479
1.0022952556610107
1.0255475044250488
1.0611600875854492
1.0105304718017578
1.0870435237884521
1.0533065795898438
1.0611572265625
0.9865827560424805
1.0372188091278076
0.9917738437652588
1.073479413986206
1.0554590225219727
1.0440504550933838
1.071302890777588
1.0116817951202393
1.0820729732513428
1.0550074577331543
2.027940511703491
2.1600935459136963
2.186213254928589
2.207702159881592
2.256904363632202
2.2333295345306396
2.170893430709839
2.279904365539551
2.223951578140259
2.2315256595611572
2.3159048557281494
2.1720213890075684
2.248116970062256
2.3507492542266846
2.230658769607544
2.2286789417266846
2.329986810684204
2.2995615005493164
2.404249668121338
1.0167784690856934
1.0755937099456787
1.0659186840057373
1.0705077648162842
0.9897799491882324
1.0678212642669678
1.069744348526001
1.074841022491455
1.0123443603515625
1.0632174015045166
1.0837810039520264
1.0601575374603271
1.0760226249694824
1.0761797428131104
1.0398778915405273
1.0538969039916992
0.9975411891937256
1.0444998741149902
1.078176736831665
1.1050338745117188
1.0345532894134521
1.081622838973999
1.0594420433044434
1.0056967735290527
1.0379300117492676
1.0159308910369873
1.0599703788757324
0.9766218662261963
1.0210025310516357
1.038651466369629
1.0466127395629883
1.0839686393737793
2.031512498855591
2.0019500255584717
2.117305040359497
2.058500051498413
2.1799323558807373
2.1243183612823486
1.0374529361724854
1.070185899734497
1.031733751296997
2.1290857791900635
2.0997984409332275
2.1129987239837646
2.134347438812256
2.1684045791625977
2.1746649742126465
2.137751340866089
1.0736122131347656
1.084968090057373
1.0596997737884521
1.0547442436218262
1.0910542011260986
1.0597362518310547
2.1194231510162354
2.181795358657837
2.2563271522521973
1.0810871124267578
1.0766818523406982
1.0751442909240723
1.054884433746338
1.0348856449127197
1.1764607429504395
1.0350918769836426
1.0418357849121094
1.076230525970459
1.100130558013916
1.038266658782959
1.0853142738342285
0.9859073162078857
1.0659923553466797
1.0070853233337402
2.247706174850464
1.1401705741882324
1.210526704788208
0.9904985427856445
1.042776107788086
0.9641437530517578
1.052293300628662
1.0747020244598389
1.0224993228912354
2.1692371368408203
2.1165974140167236
2.228473663330078
1.0372021198272705
1.0703048706054688
1.016263723373413
1.0303034782409668
1.0773043632507324
1.0574915409088135
1.0219521522521973
1.051037311553955
1.1694107055664062
1.1080758571624756
1.1325163841247559
1.2581441402435303
1.2676115036010742
1.112447738647461
1.1206066608428955
1.1206250190734863
1.209996223449707
1.2180027961730957
1.121263027191162
1.2635443210601807
1.1134507656097412
1.0289876461029053
1.1142618656158447
1.0820233821868896
1.0952873229980469
1.076408863067627
1.048445701599121
1.0075433254241943
1.0552237033843994
1.0859220027923584
1.0705151557922363
1.0547192096710205
1.048626184463501
1.06723952293396
1.057288408279419
1.0469484329223633
2.113687515258789
2.126058578491211
2.1136844158172607
0.9635882377624512
0.9813342094421387
2.1425163745880127
2.0611050128936768
1.9840290546417236
2.142328977584839
2.182915449142456
2.1064953804016113
1.0930521488189697
1.0129375457763672
1.1271772384643555
1.1094284057617188
1.0051963329315186
1.0789368152618408
2.133723497390747
2.144188165664673
2.362748861312866
0.9779055118560791
1.0804009437561035
1.0530028343200684
1.0735511779785156
1.0563247203826904
1.0907659530639648
1.090916633605957
1.0603132247924805
0.9998164176940918
1.0882601737976074
