16.25056266784668
23.493370294570923
23.509899377822876
38.62319540977478
15.840952396392822
14.98884391784668
21.154486894607544
18.36842107772827
10.812999486923218
16.031142950057983
44.402414321899414
9.721831321716309
11.26691484451294
9.082455396652222
23.410292625427246
7.562210559844971
17.857717037200928
17.637493133544922
19.64358353614807
29.148074865341187
27.03135061264038
25.576059818267822
22.679495096206665
12.111164569854736
22.333296298980713
31.185503005981445
40.3563277721405
19.388158082962036
24.215599298477173
23.67840600013733
26.814789056777954
10.252259731292725
28.93576955795288
