6.54383111000061
7.3996357917785645
6.539121150970459
7.362609148025513
8.87862515449524
7.382146596908569
1.657226800918579
6.631187677383423
11.578895568847656
6.068650007247925
1.862450122833252
7.405363082885742
7.822818756103516
2.7548513412475586
10.074208974838257
9.982675075531006
7.378720283508301
5.847562074661255
8.36897611618042
2.806786060333252
2.876586675643921
8.899060010910034
1.7209770679473877
9.010374546051025
7.974687814712524
6.031131267547607
4.043899059295654
7.930655479431152
2.7471554279327393
7.2929346561431885
13.350658655166626
12.962135553359985
8.518115520477295
7.9059836864471436
8.42070746421814
1.6733736991882324
10.541773080825806
10.588323593139648
1.6903595924377441
2.881035327911377
9.95129656791687
2.907733917236328
4.778153896331787
22.331083059310913
10.173516035079956
3.925563097000122
