0.002184181911622154
0.00033598672304153445
0.0006925861206293106
0.0012955853145360948
0.003894764094576469
0.0043065104095697405
0.0012924110302845637
0.0018538251398398328
0.0018783747815529505
0.002503120903205872
0.0009665311655044555
0.0035108866854851066
0.001153507591422399
0.00010598632693290711
0.0013835844904422762
0.0028778170752184733
0.0021367826156112883
6.18577465057373e-05
0.00030850044993559515
0.00035806891379356384
0.0024756825785912004
0.0008141635327236993
0.0034672348015104028
0.005104994440809887
0.0029838683923464554
0.0016223027002368654
0.00474825749197801
0.001141638102548463
0.004309623757743836
