1.1098003387451172
1.0437417030334473
1.083056926727295
1.0630993843078613
2.130702018737793
2.1863439083099365
2.0726170539855957
2.1712758541107178
2.2571334838867188
2.015517234802246
1.0840551853179932
1.0392796993255615
1.0345866680145264
1.0678982734680176
1.0233633518218994
1.072505235671997
1.1405746936798096
1.1005675792694092
1.0721096992492676
1.1799509525299072
1.0683374404907227
1.0555708408355713
1.221421718597412
1.0422518253326416
1.0636475086212158
1.1574127674102783
1.1568000316619873
1.2334671020507812
1.1469800472259521
2.3573713302612305
2.2884573936462402
2.231433629989624
2.16288423538208
2.170732259750366
2.179750919342041
2.2781729698181152
2.214947462081909
2.1779026985168457
2.140479326248169
1.020829439163208
1.2715661525726318
2.2650508880615234
2.130322217941284
2.1944491863250732
2.2153990268707275
2.3082714080810547
2.2060446739196777
2.23148775100708
2.3055267333984375
2.244572639465332
2.2892351150512695
2.4009056091308594
1.0612156391143799
1.095118522644043
1.0464107990264893
1.043644666671753
1.0742428302764893
0.9718596935272217
1.0807552337646484
1.0216305255889893
2.17651104927063
1.3102927207946777
1.1290819644927979
1.1997311115264893
1.1730296611785889
1.212860107421875
1.228233814239502
1.1233470439910889
1.200296401977539
1.1403303146362305
1.1571598052978516
1.1846694946289062
1.0816569328308105
2.2860891819000244
1.0634102821350098
1.0499801635742188
1.0161268711090088
1.031266212463379
1.0854573249816895
2.296419143676758
2.1854794025421143
2.1619906425476074
2.194159746170044
2.1042842864990234
2.2183988094329834
2.121774673461914
2.0278570652008057
2.059339761734009
2.1017627716064453
2.3823049068450928
1.0703518390655518
0.9832687377929688
0.9983887672424316
1.032395362854004
2.1244845390319824
2.0732972621917725
1.1323494911193848
1.140512466430664
1.23628830909729
1.175581693649292
2.199496030807495
2.156038761138916
2.1966099739074707
2.219180107116699
2.1909523010253906
2.1676366329193115
2.1521754264831543
2.2381441593170166
2.240177869796753
1.0472142696380615
1.0241129398345947
1.0951411724090576
1.0814611911773682
2.2347891330718994
2.166425943374634
0.9933114051818848
1.1805353164672852
1.1902403831481934
1.0459637641906738
1.0962789058685303
1.0394790172576904
1.0451877117156982
1.0925920009613037
1.0838682651519775
1.0843615531921387
1.061654806137085
1.2775089740753174
1.1612138748168945
1.2885489463806152
1.0983126163482666
1.1933929920196533
1.224174976348877
1.2638287544250488
1.1222913265228271
1.2455973625183105
2.375169277191162
2.141184091567993
2.151184558868408
2.18567156791687
2.2423858642578125
0.9948611259460449
1.0138144493103027
1.037402868270874
1.0239100456237793
2.183948278427124
2.0933773517608643
2.1783268451690674
2.118407964706421
2.14564847946167
0.9274024963378906
1.056905746459961
0.9932270050048828
1.033843755722046
1.064244270324707
1.0105819702148438
0.9934592247009277
1.1776530742645264
1.14921236038208
1.1626529693603516
1.2283248901367188
1.1252775192260742
1.1471304893493652
1.1386044025421143
1.1358633041381836
1.0927040576934814
1.1033473014831543
1.254436731338501
2.2977638244628906
2.224388360977173
1.084749698638916
1.0417406558990479
1.1084158420562744
1.0785014629364014
1.027216911315918
1.0394649505615234
1.0513157844543457
1.1075565814971924
1.1856815814971924
1.254511833190918
1.0843861103057861
1.1229193210601807
1.1559207439422607
2.3128268718719482
2.2726731300354004
2.243532180786133
2.3072855472564697
2.246415853500366
2.0319912433624268
2.3785085678100586
2.39729380607605
1.1795716285705566
1.225027084350586
2.2244505882263184
2.3196170330047607
2.3242461681365967
2.13869047164917
2.352719306945801
2.2546660900115967
2.323321580886841
2.2040398120880127
2.2236738204956055
2.308385133743286
2.1044483184814453
2.3854105472564697
2.3313019275665283
1.1499500274658203
1.0895700454711914
1.3526513576507568
1.239577293395996
1.1644728183746338
1.0525264739990234
1.2077381610870361
2.2578253746032715
2.3504269123077393
2.199474573135376
2.323378086090088
2.3210675716400146
2.2427244186401367
1.0531203746795654
0.9669504165649414
1.0366005897521973
2.1206390857696533
2.053295373916626
2.4926328659057617
2.0216355323791504
1.1452288627624512
1.2590458393096924
1.2374653816223145
2.2797694206237793
2.217078685760498
2.3203752040863037
2.2950730323791504
2.4041454792022705
2.10368013381958
2.3029797077178955
2.2871809005737305
2.365769386291504
2.255415439605713
2.289489507675171
2.1974692344665527
0.9971415996551514
1.058098316192627
1.0374338626861572
1.0407378673553467
0.9998683929443359
2.0398218631744385
2.045339345932007
1.1902415752410889
1.1608011722564697
1.2276065349578857
2.227882146835327
2.2000415325164795
2.1742541790008545
2.251464605331421
2.296882390975952
2.349837064743042
2.178002119064331
2.258941650390625
2.2415945529937744
2.3243942260742188
2.193776845932007
