26.957410097122192
3.7702462673187256
19.476853609085083
28.8579318523407
38.32223987579346
38.74170970916748
27.006651878356934
38.81600379943848
26.737650156021118
21.299055576324463
18.362767696380615
38.24832057952881
18.73243498802185
7.8873114585876465
25.52769660949707
41.27628517150879
27.109870672225952
4.708527088165283
12.928892374038696
12.657297134399414
31.063838243484497
21.11177945137024
41.41351509094238
43.88302707672119
38.97921919822693
21.563899755477905
44.217769622802734
20.843315601348877
41.20971989631653
