1.0554711818695068
1.007990837097168
1.006840705871582
1.0452301502227783
2.069749355316162
2.001084089279175
2.115276336669922
2.207249879837036
1.0969750881195068
1.0659494400024414
1.0312261581420898
2.12041974067688
2.118940830230713
2.123307704925537
2.158597707748413
2.1091322898864746
2.0620079040527344
1.0803947448730469
2.155130624771118
2.06589412689209
2.102877616882324
2.1823790073394775
2.118807077407837
2.1647610664367676
2.103558301925659
2.0693297386169434
1.06843900680542
1.0713436603546143
1.0549983978271484
1.0632197856903076
1.083085298538208
1.0452756881713867
1.0980603694915771
1.096564769744873
1.1462335586547852
1.1768217086791992
1.0851242542266846
1.2551822662353516
2.299793243408203
2.207671642303467
2.3149948120117188
2.234863042831421
2.1962225437164307
2.2695250511169434
2.2007312774658203
2.2648792266845703
2.3310227394104004
1.0475292205810547
1.111419677734375
1.083345890045166
1.0106658935546875
1.184443473815918
1.1591439247131348
2.0612130165100098
2.0846478939056396
2.1819052696228027
1.140324354171753
1.0318288803100586
1.1250121593475342
1.0839083194732666
1.07234787940979
2.0907933712005615
2.130967855453491
1.230161428451538
1.262293815612793
1.233433723449707
1.1852359771728516
1.077523946762085
1.0484488010406494
1.144061803817749
1.193772315979004
1.066133737564087
1.1955149173736572
1.097489595413208
2.3413634300231934
2.2511096000671387
2.342517614364624
1.0614500045776367
1.0917062759399414
1.0218822956085205
1.056849479675293
1.09869384765625
1.0214917659759521
1.0339348316192627
1.119363784790039
1.0218350887298584
1.095048427581787
1.0599088668823242
0.9787888526916504
1.0455279350280762
1.0826444625854492
1.0546441078186035
1.068183183670044
1.059898853302002
1.0554478168487549
1.077139139175415
1.027848720550537
1.0156497955322266
1.0382511615753174
1.0777769088745117
1.047872543334961
1.063657522201538
1.0306994915008545
1.0203187465667725
1.0289475917816162
1.0636699199676514
1.0037343502044678
1.0565800666809082
1.0986998081207275
1.0953056812286377
1.0634567737579346
1.0962579250335693
1.0286586284637451
1.080507516860962
1.0493037700653076
0.9895625114440918
1.078338384628296
1.071366310119629
1.0443744659423828
1.0582373142242432
1.030717372894287
1.053745985031128
1.0656139850616455
1.021338701248169
0.9991316795349121
1.0963523387908936
1.001896619796753
1.147409439086914
1.0264713764190674
1.1389250755310059
1.2270872592926025
1.1329429149627686
1.1704447269439697
1.1881303787231445
1.1134800910949707
1.2632112503051758
1.1580798625946045
1.1377851963043213
1.2318823337554932
1.191617727279663
1.2466256618499756
1.069270372390747
1.0847256183624268
1.0294570922851562
1.0009539127349854
1.0167078971862793
1.044093370437622
1.0824310779571533
0.9770281314849854
