7.997587203979492
7.645619869232178
2.9218099117279053
4.903914451599121
10.582067489624023
1.7171151638031006
22.43096923828125
7.291001081466675
9.29758882522583
5.62924599647522
1.8370697498321533
2.991305351257324
1.8019399642944336
5.52164101600647
6.548004150390625
21.40281867980957
6.719980001449585
9.147257804870605
1.8456919193267822
9.048607110977173
2.959991455078125
5.473818778991699
1.8613245487213135
1.8408753871917725
8.921292781829834
9.25797986984253
9.15523886680603
8.85601544380188
10.625555753707886
22.569584369659424
5.546562433242798
2.8966867923736572
