0.00011595196659564973
0.0011811811612367632
0.00034079222187995915
0.00033672214563574106
0.0011938814799547196
0.001390508231186867
0.001136016524054454
0.0009047049426215036
0.000995262715448652
9.563984084129333e-05
0.0006550763765096664
0.0008845081720829011
0.0006805747296571732
0.0017316448149760563
0.0037749744118928913
0.0008494862382173539
0.0038565241377830507
0.0023474151556968693
0.002836660471831428
0.0004200441047032674
0.0007458253903388977
0.00021907486345767974
0.0006573167860984803
0.0006879380634307861
0.00034787740702629094
0.001110168711239951
0.0009070184276206152
0.001161803972502855
0.0011911029220581055
0.0017625273212569102
0.003935617189181768
0.001265080120502578
0.00011094826622690472
0.0011885152770519257
0.00036402594187259676
6.4098188829422e-05
9.544374837080637e-05
0.0012751496530691783
0.0011084720134019854
