0.9935901165008545
1.0304319858551025
1.0414659976959229
1.0993247032165527
1.0499348640441895
1.0731267929077148
1.0137248039245605
1.0304348468780518
0.9973440170288086
1.016395092010498
0.9386119842529297
0.9652347564697266
0.9962329864501953
1.041940689086914
1.0353105068206787
1.0689783096313477
1.0200128555297852
1.0657734870910645
1.0910396575927734
1.0667247772216797
1.028414249420166
1.0648484230041504
1.0196244716644287
1.0699219703674316
1.0740938186645508
1.1318671703338623
1.06526517868042
1.1511218547821045
1.0160634517669678
1.0882647037506104
1.124037265777588
1.074873685836792
1.1792993545532227
1.0396132469177246
1.0371716022491455
1.0493462085723877
1.0716917514801025
1.0188579559326172
1.0507032871246338
1.019308090209961
1.0454504489898682
1.091770887374878
1.0934648513793945
1.05234956741333
1.0568795204162598
0.9787793159484863
1.0680508613586426
1.005185604095459
1.05055570602417
1.046830654144287
1.032639503479004
1.0050992965698242
1.0651860237121582
0.9969844818115234
1.025092363357544
1.0335032939910889
1.0429644584655762
1.0700438022613525
1.0409088134765625
1.0363190174102783
0.9790313243865967
1.043992042541504
0.9868044853210449
2.224299669265747
2.094883680343628
1.0223388671875
1.0450334548950195
1.0598337650299072
1.0738704204559326
2.1773183345794678
1.0814898014068604
1.068082332611084
0.9944326877593994
1.087611436843872
1.0920391082763672
1.0750179290771484
2.1110751628875732
2.2231972217559814
2.2511444091796875
1.1727802753448486
1.1830403804779053
1.2071058750152588
1.1685657501220703
1.1601283550262451
2.262526750564575
2.269796133041382
2.182976007461548
2.2212204933166504
2.3105313777923584
2.344650983810425
2.094266891479492
2.0851378440856934
2.3229360580444336
1.1047618389129639
1.0046579837799072
1.0352418422698975
1.0167956352233887
1.0047309398651123
2.1130425930023193
1.1124811172485352
1.2441246509552002
1.1512131690979004
1.2754402160644531
1.1635284423828125
1.1954658031463623
2.2646484375
2.1916165351867676
2.1105573177337646
2.2075278759002686
2.2973434925079346
2.3473873138427734
2.3573076725006104
2.2699220180511475
2.3514797687530518
1.0572638511657715
1.0953311920166016
1.0651962757110596
2.093165159225464
2.1781980991363525
2.129169464111328
2.1437795162200928
2.2453107833862305
2.2401719093322754
1.0439534187316895
2.1845862865448
2.1271960735321045
2.1219213008880615
2.1687984466552734
2.0779573917388916
2.0997843742370605
2.170926809310913
2.2366435527801514
1.0408604145050049
1.0248713493347168
2.1333096027374268
0.9929800033569336
1.010014533996582
1.060865879058838
1.057368278503418
0.9799106121063232
1.044414758682251
1.0120792388916016
1.0051114559173584
1.0480737686157227
1.0625391006469727
1.0762453079223633
0.995168924331665
1.030118703842163
1.0239057540893555
1.0587303638458252
1.066378116607666
1.055619239807129
1.0393927097320557
0.995194673538208
1.0639474391937256
1.1015384197235107
0.992995023727417
1.0354242324829102
1.0983798503875732
1.0530827045440674
1.0297234058380127
0.9988870620727539
1.0446465015411377
1.0129616260528564
1.0462076663970947
1.0648577213287354
1.0354657173156738
1.0898692607879639
1.0095396041870117
1.0784623622894287
1.0664482116699219
0.9793033599853516
1.1003007888793945
1.0382776260375977
1.0682227611541748
1.1266858577728271
1.0960578918457031
1.0153882503509521
1.044816493988037
1.0754430294036865
1.0726425647735596
1.0546717643737793
1.0605247020721436
1.038327932357788
1.0690371990203857
1.054858922958374
0.9905564785003662
1.1044559478759766
1.033374547958374
1.0224246978759766
0.9979293346405029
2.1404407024383545
2.1659348011016846
2.0518550872802734
2.2229437828063965
2.158520460128784
1.1197874546051025
1.127924919128418
1.1829378604888916
2.3007428646087646
2.2493069171905518
2.231651782989502
2.242854356765747
2.3159754276275635
2.2017526626586914
2.2457692623138428
2.213672399520874
2.2706501483917236
2.306339740753174
1.0047869682312012
1.0676813125610352
1.0096497535705566
1.0492548942565918
1.0729081630706787
0.9465973377227783
0.9913227558135986
1.0433926582336426
2.1622395515441895
1.012697696685791
1.0139284133911133
1.0835859775543213
1.029590129852295
1.0672905445098877
1.0750153064727783
1.045816421508789
1.038639783859253
1.033679485321045
1.0320916175842285
1.030951738357544
1.0562877655029297
0.9609923362731934
0.9541194438934326
1.0932440757751465
1.0869112014770508
1.052133560180664
1.0366885662078857
1.058774709701538
1.064896821975708
1.0716736316680908
1.093984842300415
1.0029246807098389
1.038473129272461
1.08431077003479
1.0579533576965332
1.0823910236358643
1.0717835426330566
1.0681161880493164
1.0253651142120361
1.040173053741455
1.0299086570739746
