9.079276084899902
18.571820735931396
14.821114301681519
13.673505306243896
18.53910231590271
26.60542058944702
31.449021577835083
20.117371559143066
16.58178949356079
7.108537197113037
12.971739053726196
8.715478897094727
15.531821966171265
26.85178518295288
40.869786739349365
18.465526580810547
43.77685761451721
27.19879126548767
26.94988226890564
9.669833183288574
22.2147958278656
10.092500925064087
12.318318843841553
19.429097414016724
16.23522710800171
14.624161720275879
18.982770204544067
31.26580309867859
19.753562450408936
21.05681562423706
38.40191388130188
27.01541566848755
10.26506519317627
18.434590101242065
12.861221551895142
4.982587099075317
9.062066555023193
22.37709903717041
30.49528932571411
