1.1043100357055664
1.0720853805541992
1.195695161819458
1.1106016635894775
1.0677576065063477
1.0399096012115479
1.090761661529541
1.0521903038024902
1.0456583499908447
2.1833314895629883
2.0919947624206543
2.236187696456909
2.0720813274383545
2.1845319271087646
2.0461390018463135
0.987701416015625
2.166534900665283
2.1347482204437256
2.221919536590576
2.113079309463501
2.216179370880127
2.1285176277160645
2.139843225479126
2.166606903076172
1.1151254177093506
1.2280547618865967
1.2422573566436768
1.071531057357788
1.1950697898864746
1.1042823791503906
2.2219669818878174
2.3242838382720947
2.1848080158233643
2.3846709728240967
2.1884047985076904
2.221831798553467
2.219229221343994
2.2105026245117188
2.3532156944274902
1.1865036487579346
1.2530326843261719
1.1581664085388184
1.0684928894042969
2.3348770141601562
2.2135350704193115
2.2077462673187256
2.3221793174743652
2.2468762397766113
2.2206459045410156
2.2407045364379883
2.1860311031341553
2.289245128631592
1.1189074516296387
1.0498292446136475
1.092315673828125
1.003025770187378
1.1018714904785156
0.9811711311340332
1.079695224761963
1.0208361148834229
0.9994747638702393
1.0142948627471924
1.0566391944885254
1.0900835990905762
1.0041379928588867
1.0937790870666504
1.0512559413909912
1.0592422485351562
1.0565309524536133
1.0564157962799072
1.0513098239898682
1.0396454334259033
1.0103819370269775
1.0494780540466309
1.0585618019104004
1.0956733226776123
1.0561537742614746
1.0500895977020264
1.1326935291290283
1.148754358291626
1.1131482124328613
1.087186574935913
0.9967150688171387
1.0468480587005615
1.105210781097412
1.0856893062591553
1.188690423965454
1.5001654624938965
1.213038444519043
1.354963779449463
1.2193882465362549
1.2168030738830566
1.1524395942687988
1.279123067855835
1.1281383037567139
1.1623435020446777
1.173771619796753
1.2241849899291992
1.2279508113861084
1.23553466796875
1.063704252243042
1.0988173484802246
1.012848138809204
1.0434889793395996
1.028207778930664
1.0390260219573975
1.1240379810333252
1.0783629417419434
1.0430793762207031
1.0112571716308594
1.0548560619354248
1.0567402839660645
1.0640828609466553
1.0791888236999512
1.04343843460083
1.0650091171264648
1.097501277923584
1.0399820804595947
1.0830419063568115
0.9607751369476318
1.0136783123016357
1.0767009258270264
1.075387716293335
2.237018585205078
2.2046127319335938
1.0217516422271729
1.0457115173339844
0.9971458911895752
