0.9731993675231934
0.893265962600708
1.042318344116211
1.0052740573883057
1.031627893447876
2.0769803524017334
2.1403234004974365
2.1711058616638184
2.1128625869750977
1.1611721515655518
1.2587571144104004
1.2262475490570068
1.13629150390625
1.2431902885437012
1.088857889175415
1.2727305889129639
2.2448606491088867
2.32861590385437
2.2657246589660645
2.213655471801758
2.117661952972412
2.2830111980438232
2.509762763977051
2.201540231704712
1.0000832080841064
0.9599637985229492
1.0476610660552979
1.135430097579956
1.0781702995300293
1.157153606414795
1.0842249393463135
1.0440735816955566
1.0603439807891846
2.145888566970825
2.149484634399414
2.209101915359497
1.0460941791534424
1.0521535873413086
1.0396573543548584
0.9306440353393555
1.0177795886993408
0.9880235195159912
1.0194244384765625
1.2036027908325195
1.1687517166137695
1.0874876976013184
1.146899938583374
1.2272453308105469
1.1615078449249268
1.2630608081817627
1.1101531982421875
1.2843451499938965
1.2295312881469727
1.2437565326690674
1.2035260200500488
1.1990718841552734
1.2048850059509277
1.1542623043060303
1.1085145473480225
1.0821490287780762
1.1117463111877441
1.0658257007598877
1.0142850875854492
1.0332982540130615
1.0723347663879395
1.1095085144042969
1.230919599533081
1.0884244441986084
1.1710960865020752
1.1257734298706055
1.1220729351043701
1.1747686862945557
1.0765125751495361
1.146676778793335
2.403801679611206
2.2428722381591797
2.2405943870544434
2.2995126247406006
1.0458414554595947
1.0403189659118652
1.1146178245544434
1.0351636409759521
1.0435655117034912
1.086332082748413
2.1748428344726562
2.13901424407959
2.0864667892456055
1.1161906719207764
1.1394801139831543
1.2404332160949707
1.2480888366699219
1.2458574771881104
1.1456928253173828
1.0510787963867188
2.101597547531128
2.2820308208465576
2.251115083694458
2.281108856201172
2.2022478580474854
2.1924800872802734
1.0741751194000244
0.9952468872070312
1.0163447856903076
1.0551106929779053
1.0322182178497314
2.047480583190918
2.1613168716430664
1.087846040725708
1.0682156085968018
1.0468330383300781
1.002021312713623
1.0172374248504639
1.0066113471984863
0.965939998626709
2.054080009460449
2.077012062072754
2.1186957359313965
1.0530881881713867
1.0251929759979248
1.0332732200622559
0.9880185127258301
1.00349760055542
1.0101280212402344
0.9758651256561279
1.0362420082092285
1.0391783714294434
1.0124430656433105
