[22]
[21, 10, 2, 17, 22, 15, 13, 14, 15, 12, 15, 9, 11]
[12]
[14, 2, 12, 17, 7, 12, 5, 9, 15, 7, 8, 10, 17, 18]
[3, 10, 14, 14, 20, 19, 1, 19, 15]
[14, 6, 15, 22, 16, 11, 16, 2, 8, 12, 13, 20, 21, 4]
[7, 17, 13, 7, 19, 5, 3, 19, 3, 20, 20, 15, 0]
[2, 4, 18, 8, 21, 22, 8]
[3, 22, 22]
[16, 21, 5, 9, 0, 16, 14, 2, 22]
[18]
[4]
[5]
[12, 2, 15, 4, 4, 11, 16, 5]
[4, 16, 19, 3, 5, 5, 4, 4, 7, 5, 16, 17, 14]
[3, 18, 13, 8, 4, 16, 10, 1, 10, 18, 8, 4, 20, 5, 11]
[15, 5, 20, 13, 18, 8, 11, 21, 9, 4, 4, 22, 15, 11]
[11, 8, 3, 13, 20, 15]
[3, 17, 8, 5, 2, 20, 13]
