1.0656819343566895
2.2567527294158936
2.149465799331665
2.27909517288208
2.2417497634887695
2.280146360397339
2.247258424758911
2.214573621749878
2.2994420528411865
2.3197288513183594
2.2557785511016846
2.3268508911132812
2.273364782333374
2.218700647354126
1.0636582374572754
1.1077549457550049
1.1535813808441162
1.2370884418487549
1.227602481842041
1.1865019798278809
1.2738227844238281
1.201831340789795
1.2154405117034912
1.1283748149871826
1.2558796405792236
1.1031360626220703
1.130826711654663
1.1701927185058594
1.095851182937622
1.049776315689087
1.05118727684021
1.0647804737091064
1.0361700057983398
1.048255205154419
1.0283749103546143
1.0371663570404053
1.0298960208892822
2.2889821529388428
1.1761510372161865
1.2700257301330566
1.290022850036621
1.2061829566955566
1.2658472061157227
1.2785906791687012
2.235076665878296
2.3501105308532715
2.2766377925872803
2.1530888080596924
2.264686107635498
2.304669141769409
2.2645466327667236
2.162372350692749
1.196399450302124
1.1968460083007812
2.3638722896575928
2.2719013690948486
2.1817679405212402
2.339592933654785
2.2380003929138184
2.18458890914917
2.273254871368408
2.1804707050323486
2.1106276512145996
2.1162116527557373
2.4355318546295166
1.0870354175567627
1.01766037940979
2.09366774559021
2.0790727138519287
2.073961019515991
2.1104681491851807
2.141291856765747
1.1625432968139648
1.0169274806976318
1.0665779113769531
1.0595929622650146
1.1293554306030273
1.091238260269165
0.9957492351531982
1.053924560546875
1.0991289615631104
2.2374985218048096
2.2089579105377197
2.1632280349731445
1.0020201206207275
1.0224237442016602
0.9822177886962891
1.0763754844665527
1.1189444065093994
1.0529749393463135
1.0169041156768799
1.047834873199463
1.0470051765441895
1.0895469188690186
1.1052749156951904
1.147503137588501
1.1452362537384033
1.0862829685211182
1.1631391048431396
1.1443345546722412
1.2123627662658691
1.12432861328125
1.14198899269104
1.2183151245117188
1.1684515476226807
1.164433240890503
1.1296019554138184
1.1735846996307373
1.2560973167419434
1.2982509136199951
1.2238430976867676
1.1865661144256592
1.267277717590332
1.1373558044433594
1.1941180229187012
1.1672720909118652
1.075669765472412
1.2569975852966309
1.274059534072876
1.2383792400360107
1.106940746307373
1.270679235458374
1.192854642868042
1.3149924278259277
1.1251213550567627
1.3447682857513428
1.1806480884552002
1.250110149383545
1.1076381206512451
1.2214562892913818
1.1887493133544922
1.1900782585144043
1.1070725917816162
2.391791343688965
2.121711492538452
2.2946360111236572
2.262702465057373
1.036846399307251
1.0159685611724854
2.0330817699432373
2.084054946899414
2.177361249923706
2.102137804031372
1.0488405227661133
1.0483427047729492
1.0486011505126953
1.0340650081634521
1.0027239322662354
2.085660934448242
2.232652187347412
