[6, 8, 18, 12, 0, 1, 9, 0, 18, 5, 7, 3, 12, 0]
[9, 17, 17, 6, 7, 7, 0, 11, 11, 6, 3, 8, 7]
[15, 1, 12, 5, 2, 2, 13, 14]
[5, 14, 12, 6, 18, 7, 9, 2]
[13, 8, 9, 1, 7, 10, 7, 2, 0, 3, 11, 2, 2, 9]
[13, 18]
[9, 8, 11, 6, 10, 1, 17]
[8, 0, 11, 18, 10, 4, 12, 7, 7]
[0, 4, 10, 0, 10, 16, 3, 17, 12]
[11, 14, 11, 8, 7, 1, 15, 9, 9, 18, 14, 1, 5, 7, 10]
[3, 1, 13, 18, 15, 15, 12]
[8, 1, 16, 14, 17, 15, 6, 18, 5, 10]
[11, 12, 2, 17, 16, 7, 13, 15, 5, 3, 12, 8, 9, 0, 14]
[2, 10, 13, 11, 13, 2, 0, 0, 6, 11, 7, 7, 8, 15, 7]
[4, 3, 13, 0, 13, 0]
[5, 7, 8, 11, 6]
[2, 9]
[16, 5, 3, 0, 6, 9, 10, 2]
[17]
[5]
[15, 3, 9, 16, 12, 14]
[1]
[0, 18, 11, 17, 15, 12, 17, 1, 1]
[10, 7, 6, 7, 14, 7, 7, 6]
[9, 16, 14, 9, 14, 8, 12, 4, 6, 2, 18, 18, 13]
[0, 1, 18, 16, 6, 5]
[17, 7, 8, 12, 12, 12, 5, 3, 1, 10]
