0.004112603144380025
0.003951328460944616
0.002428060744285584
0.0020858687677383424
0.0017996784997565407
0.0002492349086523056
0.0008082025306871958
0.0012693317710955937
0.001150086030263371
0.0029379800618648533
0.0015831565280607768
0.0031439599281311036
0.0036688736404895785
0.0056334714699029925
0.0007500547778606415
0.0005496610718185252
0.00021759119479656218
0.0009869899973630905
0.00012198422927856445
0.00010864091396331787
0.0007711125929117203
6.581015863418579e-05
0.0010704601721525193
0.0013160090734004974
0.0016973989083971298
0.0009436210926055909
0.0016535588308095935
