1.1083309650421143
1.2387847900390625
1.223515510559082
1.2185564041137695
2.6185896396636963
2.2048959732055664
2.0717921257019043
2.1614835262298584
2.0650904178619385
2.23046612739563
2.1857657432556152
2.322112560272217
2.0851595401763916
2.2485122680664062
1.241215705871582
1.1594853401184082
1.1558127403259277
2.226527690887451
2.255500555038452
2.1843700408935547
2.167764663696289
2.2790627479553223
2.181279420852661
2.327155113220215
2.301793336868286
2.274113416671753
2.359116315841675
0.960268497467041
2.1022143363952637
2.06937575340271
2.0663399696350098
2.0913233757019043
2.1985387802124023
2.139758586883545
2.118359327316284
1.0674808025360107
1.0495171546936035
2.1339054107666016
2.292590618133545
1.9823493957519531
2.0546841621398926
2.0598206520080566
2.079967737197876
1.083353042602539
1.251826286315918
1.2520036697387695
1.1467983722686768
1.2770452499389648
1.1233341693878174
1.1681504249572754
1.216780662536621
1.1441946029663086
1.1665129661560059
1.102424144744873
1.203190565109253
1.0937607288360596
1.1974728107452393
1.083923101425171
1.0517659187316895
1.0701072216033936
1.067406415939331
1.065242052078247
1.0691511631011963
1.00703763961792
1.0238921642303467
1.0741586685180664
1.047253131866455
1.046109914779663
1.0617709159851074
1.0839402675628662
1.0386743545532227
1.0598487854003906
1.0135178565979004
1.0841178894042969
1.0823757648468018
1.0622975826263428
1.1103096008300781
1.037710189819336
1.0219998359680176
1.035583734512329
0.9948019981384277
1.032904863357544
1.0224714279174805
1.0891499519348145
1.2177767753601074
1.161055088043213
1.0869452953338623
1.2175266742706299
1.103980302810669
1.2588107585906982
1.105666160583496
1.226179838180542
1.2532193660736084
1.3088347911834717
1.243833065032959
2.2567801475524902
1.988513708114624
2.3607306480407715
2.239490509033203
1.0307908058166504
1.0576093196868896
1.011955976486206
2.120059013366699
2.036777973175049
2.0412917137145996
2.1629855632781982
1.0431187152862549
2.1643500328063965
2.0545873641967773
2.022367477416992
2.1070713996887207
2.098389148712158
2.114985227584839
2.243370294570923
2.11572265625
2.0995981693267822
1.2048821449279785
1.1964623928070068
1.1841139793395996
1.2394826412200928
1.1547999382019043
1.152414321899414
1.115879774093628
2.216489553451538
2.2917327880859375
2.1436851024627686
2.152647018432617
2.333977222442627
2.262498617172241
2.2352681159973145
2.3156685829162598
2.153622627258301
2.291459083557129
2.358592987060547
2.1460189819335938
2.253445625305176
2.18803071975708
2.3709614276885986
2.2301080226898193
2.1513519287109375
2.3430404663085938
2.2448747158050537
2.29789662361145
2.133867025375366
2.238828182220459
2.3919715881347656
1.0594511032104492
1.028479814529419
1.1823806762695312
1.0376684665679932
1.0617544651031494
1.0574700832366943
1.036346197128296
1.063697338104248
1.0666007995605469
1.1577999591827393
1.0087759494781494
1.0522990226745605
0.9869811534881592
0.9983186721801758
1.0799317359924316
1.0831537246704102
1.0035629272460938
1.0577232837677002
1.136317253112793
1.0156333446502686
1.0828568935394287
1.0452804565429688
1.0181903839111328
1.0726349353790283
1.1286189556121826
1.1798810958862305
1.0224814414978027
1.0416007041931152
1.1624314785003662
0.986659049987793
1.0835072994232178
1.0929434299468994
1.0799403190612793
1.1291253566741943
1.0829133987426758
1.2359874248504639
1.1088919639587402
1.109678030014038
1.1094417572021484
1.0675151348114014
1.0719709396362305
1.0734138488769531
1.055215835571289
1.0809931755065918
1.0516045093536377
1.0827746391296387
1.0509417057037354
1.1514756679534912
1.157329797744751
1.1523749828338623
1.1484746932983398
1.2867441177368164
1.2406866550445557
1.2055683135986328
1.232105016708374
1.2422137260437012
1.1721875667572021
1.1027674674987793
1.1598424911499023
1.241504192352295
0.9820590019226074
1.0855143070220947
1.0728774070739746
0.9972615242004395
1.0705115795135498
1.0811858177185059
1.1033391952514648
1.1180429458618164
1.0913517475128174
1.152336835861206
1.111626148223877
1.2584640979766846
1.0575129985809326
1.0621066093444824
1.1317262649536133
1.1851961612701416
