40.97099304199219
38.46709060668945
23.92752957344055
23.83164668083191
40.867913484573364
15.17342472076416
19.792248249053955
23.645830869674683
24.489149808883667
41.59139323234558
20.95110297203064
29.05974054336548
43.644959926605225
43.783326864242554
26.976490020751953
21.829376459121704
15.418741941452026
22.842243909835815
11.471212148666382
18.987118005752563
17.284790754318237
3.8088467121124268
33.194578409194946
17.25779628753662
39.60439133644104
13.85322642326355
21.153311491012573
