8.86644458770752
5.475654125213623
3.987687587738037
8.635892391204834
8.320378065109253
13.394435405731201
2.849977493286133
8.649402856826782
1.8810014724731445
22.262158393859863
5.584810018539429
7.289743423461914
1.774202823638916
6.544916391372681
8.610837697982788
3.019289016723633
9.979583740234375
1.742269515991211
12.326715230941772
1.774538516998291
2.884544610977173
1.6474487781524658
6.049143075942993
11.631737470626831
1.7618365287780762
5.5764477252960205
4.944066286087036
22.544410705566406
1.8254187107086182
10.698230981826782
2.9030702114105225
8.854644536972046
6.344142913818359
8.353846311569214
6.623071908950806
7.5144853591918945
5.659061908721924
5.321371793746948
10.554477214813232
2.9513280391693115
9.006264209747314
