0.0009199765738010406
0.0003718167855978012
0.0003068556481202443
6.626888270378112e-05
0.00010487921023368836
0.000374099005577781
0.00034746867684296197
0.0008830345465183258
0.0012971318246841432
0.00032413234505653384
0.00010246805046626499
0.0019544768196894575
0.0010776278990454143
0.00032095801156867634
0.00010660699381147111
0.0013767069807926816
0.0006623290481805801
0.0013004081175963082
0.0015097144626617432
0.0010819243512789408
0.001299694304696719
0.0009076375970261439
0.000811978713107109
0.00017061955072879793
0.000915339509333883
0.0031470564998467765
0.004349814801381186
0.003404942004627448
0.0015859056107415093
0.0013773126313447953
0.0022073443519592282
0.0038745764448006948
0.0017161184861421586
0.0012887736284937178
0.0019058633986632028
0.0010331528906720026
