1.0511133670806885
1.016873836517334
1.0693848133087158
2.018155336380005
2.105534791946411
1.0311260223388672
2.1549646854400635
1.0598037242889404
1.026402235031128
0.981328010559082
0.9935364723205566
0.9829354286193848
1.000016689300537
1.0398485660552979
1.0456030368804932
1.09028959274292
1.0269081592559814
1.0543770790100098
1.0131347179412842
1.131258249282837
1.0357766151428223
1.0475683212280273
1.0787291526794434
1.049818992614746
1.0851669311523438
1.0329668521881104
1.0329153537750244
1.0577452182769775
1.0442924499511719
1.0690579414367676
1.0659878253936768
1.0573549270629883
1.0379433631896973
1.0467121601104736
1.0029122829437256
1.0408194065093994
1.0669434070587158
0.9352931976318359
1.207834243774414
1.2196085453033447
1.2174837589263916
1.1969118118286133
1.251904010772705
1.1166272163391113
1.1523823738098145
1.1524112224578857
1.10508131980896
1.1534621715545654
1.1534571647644043
1.1772313117980957
1.136561393737793
1.0678825378417969
1.104964256286621
1.048553228378296
1.0894417762756348
1.0396718978881836
1.1507155895233154
1.0522291660308838
1.0595941543579102
1.0826897621154785
1.029606580734253
1.0282301902770996
1.0563364028930664
0.9730720520019531
1.0741989612579346
1.051255702972412
1.051137924194336
1.1113996505737305
1.056725025177002
1.0425453186035156
1.0317292213439941
1.033351182937622
1.0765063762664795
1.0759055614471436
1.0389342308044434
0.998406171798706
1.04500412940979
1.0692877769470215
1.145522117614746
1.0723509788513184
1.159888744354248
1.0592916011810303
1.0321192741394043
1.1074931621551514
1.0015182495117188
1.1223297119140625
1.0501093864440918
1.1796081066131592
1.081350564956665
1.038949966430664
1.0984840393066406
1.079998254776001
1.0537340641021729
1.040372371673584
1.059187412261963
1.0715432167053223
1.075197458267212
1.1090426445007324
1.0557889938354492
1.0798535346984863
1.0832061767578125
1.059417724609375
1.1096925735473633
1.0379524230957031
1.1242473125457764
1.0769989490509033
1.0557990074157715
1.0725390911102295
1.1068785190582275
1.0860793590545654
1.0940113067626953
1.118926763534546
1.060253620147705
1.073784351348877
1.0475237369537354
1.0577342510223389
1.0513231754302979
1.0242018699645996
1.0704917907714844
1.0328474044799805
1.0448236465454102
1.055532693862915
1.0937097072601318
1.0650932788848877
1.0756373405456543
1.0749974250793457
1.0278096199035645
1.0186829566955566
1.023512601852417
1.0691990852355957
1.0782935619354248
1.0122203826904297
1.038090705871582
1.087559461593628
1.0474295616149902
1.0583441257476807
1.254833459854126
1.1264958381652832
1.2708868980407715
1.2087128162384033
1.1513662338256836
1.1950998306274414
1.2608108520507812
1.2734785079956055
1.222994327545166
1.2688634395599365
1.203254222869873
1.2103114128112793
1.1625518798828125
2.236661672592163
2.473499298095703
1.1100690364837646
1.1915574073791504
2.1789767742156982
2.250610828399658
2.3977794647216797
2.2959752082824707
2.3560268878936768
2.21879243850708
2.26637601852417
2.2731642723083496
2.2623021602630615
2.2199060916900635
2.334465742111206
1.1341190338134766
1.1584453582763672
1.1172823905944824
1.095167636871338
1.1846003532409668
2.2155866622924805
2.2440760135650635
2.3005478382110596
2.2466092109680176
2.2766668796539307
2.0909767150878906
2.2381274700164795
2.4052798748016357
1.0588269233703613
1.061328411102295
1.0171983242034912
1.0600554943084717
1.067563772201538
1.115938425064087
2.187966823577881
2.155282497406006
2.2478928565979004
1.033198595046997
1.0426862239837646
1.1401634216308594
1.0497474670410156
1.017029047012329
1.1096200942993164
1.0290412902832031
1.0663387775421143
1.074249505996704
2.2400903701782227
1.1532566547393799
1.0770635604858398
1.0053527355194092
1.0319552421569824
1.088759183883667
2.087040662765503
2.118438482284546
2.0637331008911133
2.2611348628997803
2.260627269744873
1.2510879039764404
1.1823151111602783
1.241889238357544
1.2002418041229248
1.2397770881652832
1.2100820541381836
2.260392427444458
2.355491876602173
2.316725730895996
2.195402145385742
2.2239463329315186
2.148967981338501
2.2750303745269775
2.199157238006592
2.368450880050659
1.0553486347198486
1.0588908195495605
1.0679163932800293
1.0647914409637451
1.1212241649627686
1.0653536319732666
2.141599416732788
2.118920087814331
2.1736271381378174
1.0665736198425293
1.008178472518921
1.0479505062103271
1.0378177165985107
2.0549285411834717
2.1233084201812744
2.0677664279937744
1.1363718509674072
1.0386767387390137
1.060725212097168
1.0904409885406494
1.0954251289367676
2.0914268493652344
2.1277835369110107
2.5769155025482178
2.0726370811462402
0.9997315406799316
1.0721156597137451
1.0540475845336914
0.9979243278503418
1.0287508964538574
1.053870439529419
2.136009931564331
