15.425125122070312
6.744584083557129
12.72003436088562
3.7575087547302246
13.43199348449707
18.032460689544678
13.709953546524048
23.953189611434937
17.229288578033447
14.658234596252441
10.126864194869995
34.122485876083374
26.784467935562134
18.374136209487915
10.088974475860596
20.407979726791382
14.332563161849976
21.442399978637695
18.173967123031616
27.144115209579468
23.65654969215393
19.298757314682007
20.155336380004883
2.7977375984191895
19.212544202804565
33.65758562088013
38.613057374954224
38.21390080451965
26.543490409851074
29.239715337753296
29.16039800643921
43.55013585090637
26.80019497871399
21.105305194854736
26.97418236732483
21.129594564437866
