1.0853509902954102
1.023845911026001
1.0636835098266602
2.1820685863494873
2.1336138248443604
2.0476253032684326
2.078669309616089
1.2160840034484863
1.182603120803833
1.2436835765838623
1.2390987873077393
2.221158027648926
2.22275972366333
2.1308562755584717
2.2626845836639404
2.230839252471924
2.183317184448242
2.2440345287323
2.242617607116699
2.2799367904663086
2.3986287117004395
1.0375258922576904
1.02498197555542
2.080845355987549
2.165191411972046
2.157189130783081
2.099947452545166
2.105523109436035
2.212254047393799
2.183795690536499
1.053098440170288
1.0492076873779297
1.0600106716156006
1.0429344177246094
1.0899443626403809
1.0529849529266357
1.520169973373413
1.07906174659729
1.002910852432251
1.0156939029693604
1.0496547222137451
1.0040638446807861
1.0102202892303467
1.0298197269439697
0.9936928749084473
1.0497198104858398
1.1032025814056396
1.055845022201538
1.0584399700164795
1.0444798469543457
1.0360641479492188
1.0658659934997559
1.0778753757476807
1.1362624168395996
1.1499745845794678
1.2459564208984375
1.2185158729553223
1.1644973754882812
1.2775368690490723
1.2339959144592285
1.2580277919769287
1.114619255065918
1.2073230743408203
1.2447843551635742
1.14571213722229
1.1112120151519775
1.1671702861785889
0.9841799736022949
1.068897008895874
0.9995441436767578
1.1456260681152344
1.2060394287109375
1.162977933883667
1.315748691558838
1.2421677112579346
1.2454962730407715
1.1107633113861084
1.2419402599334717
2.279954433441162
2.1227164268493652
2.280703544616699
2.3595921993255615
2.2075512409210205
2.138451337814331
2.265955924987793
0.9836692810058594
1.0533697605133057
2.144718647003174
2.1110281944274902
2.1853935718536377
2.0899951457977295
2.234832525253296
2.177870750427246
2.2056593894958496
0.9898231029510498
1.2105629444122314
1.071916103363037
1.2047240734100342
1.1767408847808838
1.2273216247558594
1.2178516387939453
1.203617811203003
1.2636091709136963
2.215125799179077
2.178360939025879
2.2614283561706543
2.2404239177703857
2.105752944946289
2.3481054306030273
