0.00010463428101539612
0.002376618808650971
0.0022603204877297083
0.0002475411562442779
0.000903929543869836
0.0031976588617086414
0.0013347904090642928
0.0011848862408984791
0.0024905816657744924
0.00011500838162369199
0.0013089371960163117
0.0003636558900117874
0.001318335068464279
0.00011808410525321961
0.0021592560301065445
0.000869122469830513
0.0024801380845620082
0.0023945716725991325
0.0014972724051782065
0.003472580112409592
0.0011200879969596863
0.0011809791285821369
0.0018366408768177034
0.00356063294831117
0.0011640624559879304
0.00352563420659212
0.0012093190467017039
0.001967675917673111
0.002417189733695984
0.0015180522542953493
0.0018372473427375156
0.0014839372459275382
0.0019571230063438415
0.001718056518848737
0.0018841868446588517
0.0005682321486234665
0.002050211356902123
0.005002139383713406
0.0019255033586978913
0.0008662535219582645
0.00010283833029270172
