0.9806399345397949
1.0801646709442139
1.0408575534820557
0.989185094833374
0.9997677803039551
1.1159236431121826
1.0571041107177734
2.312326192855835
2.129617691040039
2.2053301334381104
2.236403465270996
1.0209457874298096
1.038667917251587
1.0681297779083252
2.1030898094177246
2.0285961627960205
2.1916027069091797
2.0257914066314697
2.0516726970672607
2.1162660121917725
1.0855519771575928
1.03562331199646
1.031662940979004
1.0620665550231934
1.049424171447754
1.0325665473937988
0.9797000885009766
0.9705643653869629
2.1247739791870117
2.1295878887176514
2.090702533721924
2.1199681758880615
2.1628804206848145
2.1701154708862305
2.156545639038086
2.2017405033111572
2.119340658187866
2.031235456466675
1.0343143939971924
1.079921007156372
1.0902471542358398
1.0905232429504395
1.1792590618133545
1.0948245525360107
1.083606481552124
1.0310351848602295
2.2343037128448486
1.1060378551483154
1.0716056823730469
1.0499978065490723
1.1434352397918701
1.0281503200531006
1.0844299793243408
1.1301908493041992
1.1232810020446777
1.0354952812194824
1.2240219116210938
1.2298297882080078
1.0851233005523682
1.1658141613006592
1.0508882999420166
1.08306884765625
1.2047622203826904
1.0769963264465332
1.1467974185943604
1.1370484828948975
2.390608787536621
2.33382248878479
2.193645477294922
1.0347650051116943
1.124079704284668
1.0287063121795654
1.0749428272247314
1.064082145690918
1.017702341079712
1.055779218673706
1.0648505687713623
1.058424949645996
1.0595643520355225
1.0313498973846436
1.0252459049224854
0.9682207107543945
1.0234260559082031
1.04026460647583
0.9950771331787109
1.017354965209961
2.307839870452881
2.192077159881592
1.0118603706359863
1.1535844802856445
1.1539292335510254
1.111851692199707
1.2139286994934082
1.2597885131835938
1.1598081588745117
1.1745293140411377
1.1528315544128418
1.1699745655059814
1.1739983558654785
1.171705722808838
1.1634681224822998
2.207036018371582
2.2361879348754883
1.0241427421569824
1.2223825454711914
1.0822546482086182
1.0253734588623047
1.0264029502868652
1.0257759094238281
1.041161060333252
1.2117631435394287
1.245488166809082
1.1128461360931396
1.1574079990386963
1.1217377185821533
1.2489068508148193
1.2049503326416016
1.0599501132965088
1.1027090549468994
1.1014559268951416
2.2105374336242676
2.2460217475891113
2.221822738647461
1.33453369140625
1.1577436923980713
1.115225076675415
1.1930196285247803
1.066979169845581
1.1645259857177734
1.2675237655639648
1.1134154796600342
1.209622859954834
1.1413874626159668
2.2016406059265137
2.349088191986084
2.3580985069274902
1.0970251560211182
1.120521068572998
1.027414083480835
1.0064165592193604
2.2587249279022217
2.2428207397460938
2.086778402328491
1.1940808296203613
1.1200003623962402
1.1118497848510742
1.1764123439788818
1.192049503326416
2.1846923828125
2.387600898742676
2.302736282348633
2.238884210586548
2.326772451400757
2.410094976425171
2.1735432147979736
2.3597099781036377
1.1186106204986572
1.069777488708496
1.040391206741333
1.0427024364471436
0.9671647548675537
1.1062848567962646
1.1118590831756592
2.141221523284912
1.0448534488677979
1.0337679386138916
1.0069758892059326
1.0778694152832031
1.020634412765503
2.263425588607788
2.088583469390869
1.039198875427246
1.0690710544586182
1.0250563621520996
1.0001754760742188
1.0201935768127441
2.1583211421966553
2.1311514377593994
2.186784029006958
2.141411781311035
1.289548635482788
1.248631238937378
1.1296119689941406
1.0891103744506836
1.208665370941162
1.1399052143096924
1.2083277702331543
1.2712275981903076
2.1703438758850098
2.2080700397491455
2.184480905532837
2.289139747619629
2.319463014602661
2.329838275909424
2.34067440032959
1.0459108352661133
1.07027006149292
1.0523216724395752
1.0131804943084717
1.0532374382019043
1.431147813796997
1.145761489868164
2.1629984378814697
1.2113416194915771
1.0925469398498535
1.1693205833435059
1.0989573001861572
2.2118406295776367
2.1123368740081787
2.2508044242858887
2.1821296215057373
2.2616961002349854
2.168410062789917
2.271980047225952
2.2774829864501953
2.238978147506714
1.0295085906982422
1.0735878944396973
1.1111671924591064
1.0304009914398193
1.070920705795288
2.263197660446167
2.1861648559570312
1.0723121166229248
1.1078603267669678
1.021273136138916
1.1720726490020752
1.0855634212493896
1.036672592163086
2.118077516555786
2.353588819503784
2.2063148021698
2.3564612865448
1.012653112411499
2.101978063583374
2.087029218673706
2.174238920211792
2.0769565105438232
2.0182697772979736
2.149244785308838
2.0553088188171387
1.0443847179412842
0.9470608234405518
1.0904979705810547
1.0495657920837402
1.1244299411773682
2.172358751296997
2.116802215576172
2.2045302391052246
1.1054327487945557
1.0745716094970703
1.0933778285980225
1.059983491897583
1.0546419620513916
2.1544370651245117
2.108478307723999
2.0091519355773926
2.1158361434936523
1.1664743423461914
1.0511889457702637
1.0736520290374756
1.0283088684082031
2.1107075214385986
2.14034366607666
2.1724839210510254
1.0487165451049805
1.0403976440429688
1.024533987045288
2.141313314437866
2.1142537593841553
2.1189377307891846
2.167605400085449
2.155977725982666
1.1445279121398926
1.0732722282409668
1.0475904941558838
1.0441503524780273
1.076828956604004
1.0751359462738037
2.1260716915130615
2.092383861541748
2.202241897583008
1.1921777725219727
1.1378684043884277
1.0320522785186768
1.072603464126587
0.9624490737915039
2.242924451828003
2.087319850921631
2.257176160812378
2.1432979106903076
1.0794391632080078
1.1030962467193604
1.0438807010650635
1.0089192390441895
1.0901768207550049
1.1336798667907715
1.0294570922851562
1.0529160499572754
1.0301826000213623
1.063035249710083
1.0478925704956055
1.025397777557373
2.158885955810547
2.2745954990386963
2.1594948768615723
1.2208168506622314
1.1432278156280518
2.2094082832336426
2.4204347133636475
2.0563793182373047
2.210383653640747
2.1735334396362305
2.1927709579467773
2.0928051471710205
2.253617286682129
2.1674585342407227
2.236051082611084
2.27565336227417
2.2390315532684326
2.3652873039245605
1.0106151103973389
1.0662124156951904
1.0155980587005615
2.111966133117676
2.1537938117980957
2.1329784393310547
2.1071226596832275
1.9903044700622559
1.0530238151550293
1.0616350173950195
1.0685949325561523
1.023592233657837
1.0873186588287354
1.0224249362945557
1.0528788566589355
1.035567045211792
0.8812196254730225
