8.584700107574463
25.95100736618042
26.908227682113647
6.777069568634033
20.99062943458557
26.824165105819702
26.89247465133667
29.245157718658447
36.15164303779602
12.432008743286133
16.43524146080017
10.5355703830719
19.09513783454895
4.87738561630249
40.115896701812744
24.575495719909668
35.271458864212036
38.209972620010376
21.388564825057983
38.625518560409546
24.065214157104492
21.07738423347473
26.812135696411133
44.1644721031189
24.24182939529419
38.27189922332764
21.142878770828247
30.1159451007843
23.74405813217163
24.144399404525757
26.57667899131775
21.358922481536865
23.839239835739136
26.92685079574585
26.771790266036987
20.94977831840515
24.594170093536377
44.17795920372009
24.131250619888306
27.041431427001953
7.012505531311035
