1.3033483028411865
1.2388880252838135
1.2769804000854492
1.205348253250122
2.215817451477051
2.1498382091522217
2.2552003860473633
2.2562923431396484
2.1999082565307617
2.2612459659576416
2.2318613529205322
2.263230800628662
2.331108808517456
2.2510833740234375
2.015878915786743
2.0476183891296387
2.117088794708252
0.9984750747680664
1.0444698333740234
1.0936295986175537
2.0996944904327393
2.257324695587158
2.3154137134552
2.131293773651123
1.098240852355957
1.0381643772125244
0.9260749816894531
1.0147128105163574
0.9866445064544678
1.1052601337432861
1.0943541526794434
1.1134095191955566
1.142956018447876
1.250103235244751
1.0854616165161133
1.0620412826538086
1.0161857604980469
1.0644266605377197
1.042996883392334
1.0942180156707764
1.0298399925231934
1.0394866466522217
1.0559337139129639
1.037388801574707
1.0161097049713135
1.0659205913543701
1.0807499885559082
1.1160609722137451
1.1160593032836914
1.2532179355621338
1.2179956436157227
1.2708489894866943
1.1936562061309814
1.1701807975769043
1.318338394165039
1.2901899814605713
1.1359367370605469
1.2707173824310303
1.2165017127990723
1.2330458164215088
1.2630798816680908
1.2706282138824463
1.0067431926727295
1.0844488143920898
1.045530080795288
1.0134344100952148
1.0234813690185547
1.1170334815979004
1.0121421813964844
1.2545154094696045
1.2407522201538086
1.0997581481933594
1.2543413639068604
1.221386194229126
1.131598711013794
1.1982734203338623
1.101210355758667
1.0761513710021973
1.201981544494629
1.132599115371704
1.1808569431304932
1.2292311191558838
0.9953880310058594
1.0730276107788086
1.0089912414550781
1.0683369636535645
1.0276238918304443
1.0992519855499268
1.080859661102295
1.0131492614746094
1.1189653873443604
1.107189655303955
1.0896120071411133
1.0736150741577148
1.1033337116241455
1.0365958213806152
1.0221998691558838
1.1272614002227783
1.0108537673950195
1.0264089107513428
1.1196205615997314
0.9418087005615234
1.047111988067627
1.066899061203003
1.0133490562438965
1.117091417312622
1.0305640697479248
1.0790190696716309
1.0677499771118164
1.0487184524536133
1.1409454345703125
1.0499260425567627
1.0201070308685303
1.0428805351257324
1.025334358215332
1.002873420715332
1.0179507732391357
1.0859363079071045
