0.003676077297509634
0.0038494871315442603
0.005322877004647255
0.00011170745734827859
0.003090138278350463
0.00013136117649078372
0.0015003179794549943
0.0031668357265233994
0.00436400307935306
0.0022979369289928015
0.0024704585183620456
0.00034722578270094735
0.0001048154658317566
0.00020651176647345224
0.0007689891868114471
0.0010195478377308163
0.0007230394617319107
0.00020157204252084092
0.0010657272228240967
0.000995194281884602
0.0002909486517906189
9.167800722916921e-05
8.485021789073944e-05
0.00010508061990737915
6.789160757064819e-05
0.0005798507448843547
9.376598612467447e-05
0.0010987714247677062
