1.1844432353973389
1.0515527725219727
1.096548080444336
1.1347026824951172
2.1971516609191895
2.191882848739624
2.137282609939575
2.135964870452881
2.2366652488708496
2.180144786834717
2.2621512413024902
2.162447452545166
2.3232035636901855
1.0855767726898193
1.1026084423065186
1.2116191387176514
1.2271122932434082
2.3475325107574463
2.254406213760376
2.4837279319763184
2.274191379547119
2.3142359256744385
2.199026107788086
2.2772092819213867
2.3155136108398438
2.3473973274230957
1.262007713317871
2.233403205871582
2.2741026878356934
2.1834022998809814
2.399660348892212
2.4352145195007324
2.7391066551208496
2.306365966796875
2.2158079147338867
2.0492963790893555
2.153522253036499
2.172276258468628
2.307539224624634
2.2464661598205566
2.2828803062438965
1.019627332687378
1.1863892078399658
1.1011593341827393
1.1169235706329346
1.2172555923461914
1.1449134349822998
1.130049228668213
1.0590107440948486
1.1666810512542725
2.29270076751709
2.223156690597534
2.2376091480255127
2.307614803314209
2.2383744716644287
1.125631332397461
1.0689427852630615
1.1154401302337646
1.0584526062011719
1.0982918739318848
1.13960599899292
1.1734886169433594
1.089818000793457
1.0989553928375244
1.0653057098388672
1.0669584274291992
1.1972177028656006
1.1622967720031738
1.1842081546783447
1.098172664642334
1.1271889209747314
1.166745662689209
1.211782455444336
1.2197856903076172
2.213024854660034
2.2815322875976562
2.218599319458008
2.2214930057525635
2.3554446697235107
2.2692325115203857
1.0898284912109375
1.1815950870513916
1.2091310024261475
2.3331098556518555
2.3178794384002686
2.3099071979522705
2.3281102180480957
2.282421112060547
2.1994307041168213
2.2658798694610596
2.1320245265960693
2.3402884006500244
2.3274497985839844
2.315451145172119
0.9908225536346436
1.0206120014190674
1.0768156051635742
2.1301369667053223
2.103264808654785
2.1228108406066895
2.127817392349243
2.128354549407959
2.20448899269104
1.0388827323913574
1.1179640293121338
2.130617380142212
2.1286733150482178
2.1712136268615723
2.104948043823242
2.2171924114227295
2.077582597732544
2.112154245376587
1.0803024768829346
1.1072208881378174
0.9818344116210938
1.005906581878662
1.0509252548217773
1.0135042667388916
1.0755746364593506
1.0434792041778564
1.023223638534546
1.037858009338379
1.0474750995635986
1.024766445159912
1.060079574584961
1.1383435726165771
1.0500578880310059
1.0527498722076416
1.0655474662780762
1.026062250137329
1.0174305438995361
1.0309593677520752
1.057873249053955
1.0941004753112793
1.0077059268951416
1.0448393821716309
1.0401098728179932
0.9510819911956787
1.0133185386657715
1.00173020362854
1.0742571353912354
1.0597832202911377
1.0419301986694336
1.061957597732544
1.0693304538726807
1.10453462600708
1.063971757888794
1.4661645889282227
1.0461418628692627
1.0275659561157227
1.0928714275360107
1.0088858604431152
1.024425983428955
1.0564806461334229
1.0082337856292725
0.9863765239715576
1.0996544361114502
1.0029447078704834
1.0702323913574219
0.9164745807647705
0.925302267074585
1.0504560470581055
1.0178651809692383
1.0931601524353027
1.0522761344909668
1.04317045211792
1.0140612125396729
1.090010643005371
0.937347412109375
1.118377923965454
1.0698013305664062
1.0952112674713135
1.2140913009643555
1.0995562076568604
1.0919585227966309
1.069568157196045
1.057626724243164
1.0697855949401855
