38.260499477386475
38.98434805870056
44.62106013298035
10.53224492073059
31.65400767326355
9.405214071273804
24.230157375335693
41.27228116989136
41.800817012786865
26.416237592697144
26.82638907432556
14.307072162628174
11.339682817459106
7.934948444366455
28.01730513572693
17.777578115463257
15.723645210266113
7.823010206222534
28.01146364212036
16.78197193145752
10.609993934631348
5.800249099731445
6.857396602630615
6.24061393737793
3.805408000946045
17.30670928955078
6.060135364532471
25.66124391555786
