[22]
[9, 22, 12]
[22, 4, 21, 20, 23, 19, 13]
[4, 10, 16, 3, 10, 0, 11, 13, 24]
[8]
[21, 18, 14, 7, 5, 18, 16]
[13, 10, 21, 21, 4, 4, 12]
[16, 14, 23, 14, 24]
[1, 0, 21, 18, 19, 14, 16, 17, 8, 11]
[10, 12, 10, 7, 1, 4, 18, 3, 20, 18, 12, 7, 13, 9]
[9, 12, 24, 0, 7, 11, 12, 0]
[19, 15, 18]
[18]
[6]
[16]
[0, 1, 2, 23, 9, 2, 2, 15, 6, 10]
[1]
[7, 4, 19, 19, 19, 1, 1, 17, 18, 18]
[9, 19, 1]
[24]
[24, 9, 8, 7, 13, 23, 9, 24, 18, 5, 23, 24, 18, 4]
[14, 4, 12, 2, 20, 19, 3, 12]
[4, 23, 19]
[11, 16, 8, 17, 4, 17, 20, 17]
[13, 12, 13, 17, 23, 14]
[19, 21, 3, 19, 20, 1, 21, 9, 3, 5, 12, 0, 5, 6, 12]
[8, 2, 12, 18, 20, 20, 13]
