0.00011285424299240112
0.0004126347631057103
0.0007773926955461502
0.0010571060640282102
0.00011370525097846986
0.0009871360815218518
0.0008264669216087885
0.0010797122294425967
0.002901538244605065
0.003656984427990233
0.000977834163093567
0.00031229118567307785
0.00010929622559888023
9.844858209746225e-05
0.00010398634314537048
0.0014674834484100343
0.00010188042919635773
0.0015901531037807468
0.00036299277377128605
6.052198259830474e-05
0.0024085883254153385
0.001700482365179062
0.0003472762552261353
0.0009141437923771995
0.0007168993275403976
0.00298913963778019
0.0008502795960187912
