0.967045783996582
1.039207935333252
1.025001049041748
1.029778242111206
1.0546960830688477
1.0700953006744385
1.0287559032440186
1.0235466957092285
1.0616400241851807
1.0099060535430908
1.037139654159546
1.065476655960083
1.1095519065856934
1.068709135055542
1.010254144668579
1.0594089031219482
1.0582256317138672
1.0643911361694336
1.0496983528137207
1.0253853797912598
0.9743380546569824
0.9848842620849609
1.0063416957855225
1.0373976230621338
1.0209007263183594
1.0131125450134277
1.0280811786651611
1.055783748626709
1.0342433452606201
1.1083340644836426
1.0205905437469482
1.0615503787994385
1.0275084972381592
1.0516293048858643
1.2398502826690674
1.0469026565551758
1.039750099182129
1.0203924179077148
2.0951201915740967
2.1578361988067627
1.0881812572479248
1.0649640560150146
2.1494247913360596
2.2775557041168213
2.1765477657318115
2.1308844089508057
2.16176700592041
2.1639931201934814
2.2517268657684326
2.3136751651763916
1.0772531032562256
1.2550036907196045
1.1927211284637451
1.1653645038604736
1.0643036365509033
1.1669728755950928
2.3623709678649902
2.3496482372283936
2.3488705158233643
2.305872678756714
2.26920485496521
2.2518808841705322
2.264657735824585
2.099334716796875
1.0394313335418701
1.0942034721374512
1.007899284362793
1.0068235397338867
1.061551809310913
1.06144118309021
1.0594723224639893
1.0482187271118164
1.0220627784729004
1.0582962036132812
1.0415122509002686
0.9976184368133545
0.8986048698425293
1.0395169258117676
1.060875415802002
1.075758934020996
1.0788137912750244
1.1179280281066895
1.0887937545776367
1.0757451057434082
1.0726041793823242
1.0273408889770508
1.0909461975097656
1.0462591648101807
1.0184648036956787
1.0826153755187988
1.0700676441192627
1.0925469398498535
1.0601997375488281
1.0721311569213867
1.0629804134368896
1.139732837677002
1.0992352962493896
1.0516791343688965
1.1083009243011475
1.0447413921356201
1.0430738925933838
1.02266263961792
0.9073760509490967
1.2168116569519043
1.1479556560516357
1.1842679977416992
1.1588516235351562
1.1906611919403076
1.0272729396820068
1.2836618423461914
1.1337149143218994
1.1876263618469238
1.2082469463348389
1.1989192962646484
1.2633593082427979
1.225329875946045
1.15323805809021
1.1105055809020996
1.0798959732055664
1.06296968460083
1.063735008239746
1.0634968280792236
2.250119924545288
2.118151903152466
2.25170636177063
1.1039130687713623
1.0941920280456543
1.0565927028656006
1.042686939239502
1.0254592895507812
1.0205960273742676
1.0207278728485107
1.0649628639221191
1.0648102760314941
1.0655412673950195
1.0392062664031982
1.072530746459961
0.9929978847503662
1.0353477001190186
1.005385160446167
1.0108017921447754
1.0260329246520996
1.2068371772766113
1.081223726272583
1.1749587059020996
1.2938687801361084
1.2661962509155273
1.2473876476287842
1.1284162998199463
1.1541345119476318
1.259519100189209
1.1842973232269287
1.267212152481079
1.219771146774292
1.2249298095703125
2.329749584197998
2.337364435195923
1.015334129333496
1.0673305988311768
1.0770325660705566
1.0450150966644287
1.0375220775604248
1.0318448543548584
1.0119497776031494
