[15, 15, 12, 7, 12, 11, 1]
[15, 13, 16, 2, 5, 17, 7]
[0, 5, 3, 14, 15, 12, 2, 3, 18, 13, 6, 2, 10, 8, 19]
[0, 16, 19, 0, 16, 2, 6, 5, 17]
[14, 7, 6, 17, 3, 15, 6, 7, 5, 14, 0, 7, 5]
[18, 7, 18, 10, 1, 3, 1]
[0, 13, 16]
[8, 8, 3]
[17, 18, 10, 3, 0, 1, 6, 19, 14]
[11, 14, 19, 8, 0, 6, 5, 18, 18]
[16, 9, 2, 18, 16, 19, 17]
[11, 7, 18, 5, 10, 18]
[16, 9, 15, 8, 8, 15, 16, 1, 6, 7, 6, 8, 8]
[9, 0, 1, 7, 6, 18, 13, 10, 18, 17]
[1]
[17, 17, 17]
[6, 5, 8, 7, 9, 6, 16]
[15]
[0, 19, 0, 5, 18, 2, 13, 18, 13]
[3, 11, 7]
[3, 0, 14, 1, 1, 3, 5, 10]
[19, 13, 14, 11, 1, 3, 6, 2, 7, 1, 9, 18, 8]
[6]
[7, 17, 9, 3, 4, 1, 14, 9, 11]
[7, 2, 11, 0, 4, 14, 5, 17, 0, 1, 15, 3, 6, 4, 19]
[1, 0, 6, 1, 10, 9, 8]
[9, 0, 4, 19, 16, 15, 12, 6]
[19, 3, 19, 9, 17, 9, 12, 3]
[14, 16, 16, 3, 18, 0, 10, 18, 0, 10, 5, 9, 13, 2, 10]
[13, 8, 6, 0, 12, 2, 19, 8, 12, 15]
[8, 16, 15, 18, 1, 17, 2, 18, 12, 10, 2, 7, 16, 2]
[18, 7, 14, 10, 19, 11]
[7, 0, 10, 15, 13, 14, 3, 11, 15]
[4, 17, 0, 4, 10, 15, 11]
[12, 17, 0]
[4, 0, 14, 16, 1, 4, 16, 14, 4, 2, 3, 0, 5, 6, 12]
[6, 8, 6, 7, 3, 4, 17]
