0.0009250159654140473
0.0015923965422766548
0.0050255634893735255
0.0017195417291800182
0.002632339489377462
0.0010230072284460067
0.0003101666211764017
0.0003363052108798708
0.0015040606965700785
0.0011217979982614517
0.0010173536824669158
0.0006978995555639268
0.002064584381384116
0.0019080586576223375
8.114829003810884e-05
0.00032915724297591614
0.0011153697897263934
0.00010443398064204625
0.001058698515454928
0.0003290028260231018
0.0009124861431598662
0.0020640889538544875
0.0001103477867126465
0.0012987825231075287
0.0034633840621232986
0.0011654901497193744
0.0009195384529219734
0.0017915093340396882
0.0042049618322610866
0.002248614395570755
0.002910227724981308
0.0007222537553787231
0.002781942096281052
0.0007904313462597983
0.00032524832160472873
0.004438157869013151
0.0014612775031226024
