1.060960054397583
1.0604448318481445
1.0966284275054932
1.543727159500122
0.9789731502532959
1.0659124851226807
1.1197974681854248
1.0256290435791016
1.004012107849121
1.070089340209961
1.0546514987945557
2.1053411960601807
2.1830008029937744
2.0050928592681885
1.261406421661377
1.206845998764038
2.2209718227386475
2.238353967666626
2.153865337371826
2.4296834468841553
2.3625946044921875
2.621142864227295
2.4150843620300293
2.0299930572509766
2.254790782928467
2.5036580562591553
2.344839096069336
2.359670877456665
2.365389823913574
1.0914735794067383
1.0327417850494385
1.0566377639770508
1.0948731899261475
1.0541534423828125
1.0747461318969727
2.156071424484253
2.193490982055664
2.1391513347625732
1.145308017730713
1.2498424053192139
1.126877784729004
1.161780834197998
1.1924364566802979
1.2255759239196777
1.1632790565490723
1.1604387760162354
2.193013906478882
2.209848403930664
2.2357406616210938
2.1462361812591553
2.316532611846924
1.027867317199707
1.0618815422058105
1.0606391429901123
1.067305088043213
1.0559260845184326
1.0686898231506348
2.4238197803497314
1.0424184799194336
1.0427141189575195
1.0155000686645508
1.0199017524719238
1.022249460220337
1.0275273323059082
1.0752718448638916
1.0335431098937988
1.0857806205749512
1.0686371326446533
1.2135744094848633
1.0544140338897705
1.063596487045288
1.0538766384124756
1.0181958675384521
1.0702464580535889
1.08479642868042
1.079587459564209
1.0672049522399902
1.0527112483978271
1.0690994262695312
1.061049222946167
1.06803560256958
1.059934139251709
1.0544650554656982
1.0500638484954834
1.0683341026306152
1.0510632991790771
1.0633049011230469
1.0479743480682373
1.0300605297088623
1.0566802024841309
1.0344223976135254
1.0647335052490234
1.0532186031341553
1.0015943050384521
1.0685632228851318
1.1286475658416748
1.2525498867034912
1.087360143661499
1.1203956604003906
1.132014274597168
1.1386799812316895
1.1695218086242676
1.2871079444885254
1.212083101272583
1.2463676929473877
1.0889289379119873
1.1675121784210205
1.15733003616333
1.070831060409546
1.1349782943725586
1.0508763790130615
1.0737316608428955
1.1131939888000488
1.0501625537872314
1.0371744632720947
2.0565905570983887
2.1649575233459473
2.2055039405822754
0.884932279586792
1.013106346130371
0.9737963676452637
1.0175316333770752
1.0333948135375977
0.9929447174072266
1.071028470993042
1.0840404033660889
1.0759570598602295
0.9986302852630615
1.0620176792144775
0.9532375335693359
1.0445094108581543
1.0632798671722412
1.0385477542877197
1.052706003189087
1.0361104011535645
1.0502071380615234
1.0222015380859375
1.1416680812835693
1.0761988162994385
1.0395660400390625
1.0193331241607666
1.0245387554168701
1.0814168453216553
1.1008563041687012
1.0475852489471436
1.0563900470733643
1.0647363662719727
1.0596930980682373
1.041940450668335
1.099266767501831
1.1054551601409912
1.1448140144348145
1.2862098217010498
1.0531065464019775
1.2785663604736328
1.2291920185089111
1.1992943286895752
1.2544910907745361
1.179837942123413
1.1066715717315674
1.0997707843780518
1.097627878189087
1.1498169898986816
1.0341873168945312
1.0857048034667969
1.0927116870880127
1.0651752948760986
1.1230132579803467
1.0998015403747559
1.0438671112060547
1.1030032634735107
1.0554580688476562
1.0696992874145508
1.1973299980163574
1.3030238151550293
1.2841854095458984
1.051804780960083
1.2728676795959473
1.290389060974121
1.28066086769104
1.267030954360962
1.1326251029968262
1.2608287334442139
1.212111234664917
2.2404956817626953
2.1919972896575928
2.3080618381500244
2.2889657020568848
1.0181806087493896
1.0262749195098877
1.0366275310516357
1.0278818607330322
1.0185167789459229
2.142854690551758
2.1407041549682617
1.054654836654663
1.0128498077392578
1.0124998092651367
1.0040044784545898
1.0678496360778809
1.0384373664855957
1.0425348281860352
1.0405333042144775
1.035724401473999
1.0664782524108887
0.9857423305511475
1.051933765411377
2.0748865604400635
2.212350606918335
2.080120801925659
2.1357367038726807
1.0690698623657227
1.2369194030761719
1.1716060638427734
1.2703723907470703
1.26576566696167
2.25514554977417
2.2548770904541016
2.3234448432922363
2.2007346153259277
2.1702332496643066
2.3238108158111572
2.143246650695801
2.247034788131714
2.4127540588378906
2.318664789199829
1.0093462467193604
1.1101200580596924
1.088623046875
1.0839781761169434
1.1446633338928223
2.252748966217041
2.2522313594818115
2.2095205783843994
2.19631290435791
2.101719379425049
1.1578421592712402
1.2450997829437256
1.111607551574707
1.217186450958252
1.1202964782714844
1.229381799697876
1.1743004322052002
1.1001505851745605
1.1993494033813477
2.4295527935028076
2.3391077518463135
2.18310284614563
2.4247260093688965
2.2861976623535156
1.036911964416504
1.0455288887023926
1.022195816040039
0.9759812355041504
1.0561537742614746
1.0522065162658691
1.024160623550415
1.054124355316162
2.1234543323516846
2.08290958404541
2.1183807849884033
2.104302167892456
2.029890298843384
2.060551404953003
2.090541362762451
1.0424973964691162
1.0151560306549072
1.020620584487915
1.0473508834838867
1.0257554054260254
1.006899118423462
1.056506633758545
0.9992570877075195
1.038647174835205
1.0103461742401123
1.1005892753601074
1.1802213191986084
1.1852021217346191
1.2127151489257812
2.0537493228912354
2.291229248046875
2.255448341369629
2.279222249984741
2.2651526927948
2.093468189239502
2.2349987030029297
2.115269899368286
2.0765912532806396
2.3952152729034424
2.199143886566162
1.087456226348877
1.0264525413513184
1.0651047229766846
1.0433497428894043
2.098701238632202
2.1210649013519287
2.136981725692749
