24.608322858810425
17.64975929260254
44.60491442680359
26.751405477523804
38.1177453994751
23.327407598495483
12.702472686767578
13.716179847717285
19.656726837158203
31.8637957572937
17.606463193893433
21.74336075782776
32.92687129974365
28.75754952430725
7.318312406539917
14.717520713806152
15.766941547393799
11.170626401901245
26.93133020401001
11.520910501480103
26.005314826965332
32.75503921508789
8.145384073257446
22.284884691238403
36.44540762901306
20.705234050750732
24.885209560394287
22.789133071899414
43.99888324737549
29.58698010444641
41.238362550735474
20.068242073059082
24.531277656555176
21.12912678718567
11.61348032951355
41.497087478637695
20.76672625541687
