0.9371955394744873
1.0381500720977783
1.054748296737671
1.0155620574951172
1.056661605834961
1.076878547668457
1.1190392971038818
1.097437858581543
1.0810234546661377
1.1871352195739746
1.1046545505523682
1.1081748008728027
1.0841457843780518
1.2316246032714844
1.183483600616455
2.362849712371826
2.3916804790496826
2.1985206604003906
2.2984776496887207
2.2705252170562744
2.0862460136413574
2.247110366821289
2.271153688430786
2.2462263107299805
2.2851364612579346
2.166982650756836
3.148571252822876
2.24098539352417
2.2463858127593994
2.234102725982666
2.316838502883911
2.3078794479370117
2.348681926727295
1.073446273803711
2.15445876121521
2.418362855911255
1.0207290649414062
0.9990968704223633
1.0156495571136475
1.0238263607025146
1.0619637966156006
1.0500357151031494
1.026757001876831
2.195807695388794
2.2749905586242676
1.0636777877807617
1.0827140808105469
1.038616418838501
1.0838823318481445
1.056481122970581
1.0625393390655518
1.06998872756958
1.044574499130249
1.0370197296142578
1.026677131652832
0.9845600128173828
1.0443799495697021
1.1193702220916748
2.1990323066711426
2.20379638671875
1.0195555686950684
1.0286760330200195
1.041236162185669
1.0381639003753662
1.0101895332336426
1.0712320804595947
2.140960216522217
1.0504868030548096
1.0308072566986084
1.003934621810913
2.0526015758514404
2.1859211921691895
2.1511151790618896
1.2077648639678955
1.1507844924926758
2.2052345275878906
2.2930259704589844
2.1771228313446045
2.1346089839935303
2.181161880493164
2.339851140975952
2.2990849018096924
2.153926372528076
2.234179735183716
2.2351348400115967
2.29087495803833
2.3154783248901367
1.0417282581329346
1.0531859397888184
1.0949413776397705
1.0646607875823975
1.0829265117645264
1.034193992614746
2.1302454471588135
2.2586658000946045
0.9883460998535156
2.109515905380249
2.184269428253174
1.0021426677703857
