0.0006122566466331482
0.00040911100946267444
0.0010351186141593115
0.0005265073962450028
0.0001088149561541421
0.0008427184905052186
0.0007237428663253784
0.00033254269938468934
0.002253541008434977
0.0009106013132435935
0.003045351801114816
0.0012959886844423085
0.000279347759103775
0.00019883542047341663
0.0008832278099133419
0.002072153400483498
0.00161279179418087
0.00255609093568325
0.0007977323348469204
0.0016608751738627751
0.0025129015111354687
0.0011107118288040162
0.00034680359773295267
9.307695257663727e-05
0.0004063593527873357
0.0025114604657729463
0.0001173611964225769
0.0010089277587277548
0.0020560716521842138
0.001647066333111127
0.002936992917236915
0.004835104982614517
0.003521167610931396
0.0002441571571826935
