1.0494968891143799
1.0888361930847168
1.0620002746582031
1.005901575088501
1.0401802062988281
1.0361812114715576
1.0118114948272705
1.0195729732513428
1.043013095855713
1.0661211013793945
1.0975723266601562
1.0639958381652832
1.0903079509735107
1.0489161014556885
1.0839512348175049
1.0540544986724854
1.0407373905181885
1.0636208057403564
0.9932255744934082
1.0537374019622803
0.9890725612640381
1.0526845455169678
1.0034172534942627
1.053112506866455
0.987069845199585
1.082144021987915
1.0351247787475586
1.0500411987304688
1.0339939594268799
1.042403221130371
1.0286049842834473
1.0115702152252197
1.0390665531158447
0.9895937442779541
1.0879535675048828
1.1394453048706055
1.1893460750579834
1.1884009838104248
1.1577353477478027
1.1918058395385742
1.133347511291504
1.2210426330566406
1.0843839645385742
1.1409687995910645
1.1713006496429443
1.1309399604797363
1.2237451076507568
1.092515468597412
1.2498295307159424
1.0510411262512207
1.0570812225341797
1.0678045749664307
1.0637233257293701
1.0144071578979492
1.0653417110443115
1.033478021621704
1.1432874202728271
1.0852577686309814
1.0972800254821777
1.129603624343872
1.2095615863800049
1.0830585956573486
2.315706491470337
2.25537109375
2.2340269088745117
2.100695848464966
2.2966928482055664
2.2963662147521973
2.1567888259887695
1.0203471183776855
1.0384464263916016
1.0774877071380615
1.089228868484497
1.1119849681854248
1.0036437511444092
1.089829683303833
1.066563606262207
2.1031205654144287
0.9561374187469482
1.043715000152588
1.0464699268341064
0.9929153919219971
0.9947762489318848
1.0567879676818848
1.0217304229736328
1.0872845649719238
1.081732988357544
1.0060951709747314
1.0762357711791992
1.0356104373931885
1.033294916152954
1.236030101776123
1.2158021926879883
1.2377634048461914
1.1067306995391846
1.2529592514038086
1.1394975185394287
1.117828369140625
1.1322519779205322
1.1421310901641846
1.2139091491699219
1.1637849807739258
1.1958553791046143
1.0896379947662354
0.974623441696167
1.0246400833129883
1.0630097389221191
1.0037333965301514
1.0143625736236572
2.115194082260132
2.1176302433013916
2.0685410499572754
1.0925993919372559
1.1022887229919434
1.030301809310913
1.0242400169372559
2.1569223403930664
2.1526784896850586
2.5910985469818115
2.4591920375823975
2.5320239067077637
2.5571985244750977
1.0487961769104004
1.001307725906372
1.0506529808044434
1.0274839401245117
1.020531177520752
1.0032322406768799
1.0254335403442383
0.9872567653656006
0.9899909496307373
1.0593817234039307
1.0237462520599365
1.0337762832641602
1.0225541591644287
2.1100709438323975
2.074148416519165
2.152524948120117
1.1380314826965332
1.185044527053833
1.263597011566162
1.2237496376037598
1.2162065505981445
1.1885194778442383
1.252795934677124
1.186464548110962
1.2124593257904053
2.0833218097686768
2.2113914489746094
2.2390921115875244
2.1948630809783936
1.063469409942627
1.031787395477295
1.066938877105713
1.1067709922790527
1.039264440536499
1.0348265171051025
1.0439932346343994
1.0492312908172607
1.081385612487793
1.0923340320587158
1.0564775466918945
1.0166926383972168
1.0150158405303955
1.0393977165222168
0.9871857166290283
1.0203499794006348
1.2448666095733643
1.1473884582519531
1.1990759372711182
1.1381967067718506
1.2732129096984863
1.2680063247680664
1.2431392669677734
1.1679127216339111
1.1258904933929443
1.2046639919281006
1.0793044567108154
1.104057788848877
1.238499402999878
1.2603223323822021
1.2401957511901855
1.0056657791137695
1.0569725036621094
1.0706617832183838
1.015627384185791
1.0193629264831543
1.0658202171325684
1.0046446323394775
1.0711760520935059
1.309433937072754
1.225433349609375
1.2176308631896973
1.171499252319336
1.1459989547729492
1.2486073970794678
1.1561672687530518
1.21500825881958
1.1234538555145264
1.2088901996612549
1.1087799072265625
1.1619994640350342
1.1648509502410889
1.1445090770721436
1.0012574195861816
2.8963098526000977
1.05037260055542
1.0504276752471924
1.0506386756896973
1.057072401046753
1.0304131507873535
1.076493501663208
2.1369247436523438
1.21549654006958
1.281862735748291
1.124389886856079
1.1538853645324707
1.0970311164855957
1.1544060707092285
1.1864924430847168
2.339341878890991
2.1115026473999023
2.410930633544922
2.137040138244629
2.2358920574188232
2.1582634449005127
2.149754524230957
2.2619149684906006
2.429683208465576
2.2938663959503174
2.289048433303833
2.205538272857666
2.2681753635406494
2.2065813541412354
2.1737568378448486
2.1651675701141357
2.2393975257873535
2.189314603805542
2.132629871368408
1.1919159889221191
1.2366349697113037
1.1659698486328125
1.1479365825653076
1.15789794921875
1.2190861701965332
1.2483186721801758
1.1960399150848389
2.214106559753418
2.1641266345977783
2.187345027923584
2.247162342071533
2.257495880126953
2.188724994659424
2.32244873046875
1.0327022075653076
1.0594756603240967
