24.53909969329834
7.469944715499878
16.334020853042603
6.347917795181274
10.305494785308838
22.223363876342773
17.895657300949097
11.936285495758057
33.514105796813965
19.030988216400146
38.045557498931885
27.020434141159058
10.906790733337402
8.015628337860107
29.11749529838562
32.10818099975586
22.58064842224121
31.62444305419922
25.872896194458008
24.82229256629944
38.20721125602722
27.521594762802124
20.86963129043579
7.006496429443359
7.499208927154541
35.14936566352844
6.980129241943359
15.529407262802124
39.28950262069702
26.27514386177063
38.24224352836609
38.261908769607544
43.44341588020325
12.090540170669556
