[15, 18, 0, 10, 24, 16, 22, 18, 5, 2]
[3, 7, 9, 10, 3, 13, 4, 25, 1, 10, 13, 16, 1]
[10]
[0]
[21, 4, 8]
[13, 3, 14, 4, 20, 24, 17, 5, 6, 3, 16, 18, 20, 24, 20]
[6, 21, 7, 14, 6, 24, 16, 6, 18, 20, 0, 21, 6, 0, 22]
[11, 11, 6, 4, 18, 22, 2, 9, 8, 9]
[14, 21, 8, 0, 6, 3, 1, 24]
[12, 25, 13, 17, 18, 12, 4, 23, 8, 3, 14, 12, 24]
[8, 8, 18, 17, 5, 5, 21, 15]
[2, 4, 25]
[16, 25, 24, 4, 0, 13, 13, 1, 24, 3, 6, 6, 7]
[21, 5, 11, 11, 0, 0, 3, 20, 14, 21, 24, 13, 9]
[14]
[25, 13, 0]
[19]
[13, 7, 4, 4, 25, 13, 25]
[20, 22, 17, 21, 1, 10]
[0, 9, 12, 10, 13, 20, 7, 20]
[21, 11, 17, 15, 9, 2]
[7, 3, 13, 12, 17, 14, 11, 8, 14, 11, 4, 12, 18, 24, 12]
[23, 18, 3, 18, 10]
[3, 25, 7, 18, 14, 7, 1, 12, 24, 8, 3, 4, 6, 16]
[0, 4, 17, 5, 22, 23, 4, 11, 1, 8, 13, 21, 2, 20]
[23, 22, 14]
[13, 9, 25, 18, 2, 0, 10, 17, 25, 18]
[6, 24, 18]
[19, 4, 17, 4, 19, 3, 20, 6, 1, 23, 1, 8, 19]
[9, 5, 11, 20, 18, 25, 23, 9, 23]
[17, 6, 12, 15, 19, 22, 4]
[1, 22]
[6, 5, 20]
[6, 14, 11, 18, 23, 9, 17, 7, 1, 10]
[14]
[0, 13, 16, 16, 9, 16, 15, 18]
[8]
[1, 21, 4, 16, 7, 13, 3, 7, 18, 25, 7, 22, 15, 6]
[1, 15, 6, 12, 6, 17, 16, 9, 4, 10, 17, 16, 5]
[18, 9, 23, 16, 1, 1, 22, 20, 24, 22, 6, 4, 14]
