0.0022708522178888323
0.0042236266627678504
0.0001146797950744629
9.961438765525818e-05
0.00030668192613919577
0.002446651886121432
0.0036302479552268985
0.0018097440334558486
0.0008823441287040711
0.004072918876989072
0.0010188757804046977
0.0003470455776589257
0.0027727639867599196
0.0028090540321808596
0.00011399631206989289
0.00033246757724285126
0.00011969577848911287
0.0011136370295831137
0.0006836689357212611
0.0012061679119586945
0.000725477936553955
0.002520305697576205
0.0009313456397533416
0.002170818314409256
0.002711241867705754
0.00032700279121398925
0.002541136529517174
0.00033366242126737323
0.001595912490127637
0.0011760944145202637
0.0008091583304984229
0.00020605731306076052
0.000278370374417305
0.0013763709678649902
0.00010828510415554047
0.0012259785618543625
9.856034551461538e-05
0.002203119463975089
0.003286523727849814
0.003968460637758329
