1.0693747997283936
1.1267116069793701
1.2054753303527832
1.0229616165161133
1.0472848415374756
2.193711996078491
2.262361526489258
2.2606542110443115
2.250521183013916
2.1728830337524414
1.1178302764892578
1.2058742046356201
2.2235665321350098
2.237856864929199
2.1905641555786133
2.1821188926696777
2.189408779144287
2.3458187580108643
2.123544692993164
2.2044172286987305
2.1839962005615234
2.153726577758789
2.203681468963623
0.9826889038085938
0.995811939239502
1.0399808883666992
1.0183227062225342
1.0074937343597412
1.2967329025268555
1.1964592933654785
1.1992058753967285
1.2180325984954834
1.2978246212005615
1.1675901412963867
1.1452629566192627
1.3249857425689697
1.152928352355957
1.199171781539917
1.1814188957214355
1.2325687408447266
1.271117925643921
1.203364372253418
1.258638620376587
1.1812713146209717
1.1340608596801758
1.2706725597381592
1.253136396408081
1.3773667812347412
1.1898670196533203
1.0795972347259521
1.1787939071655273
1.1953234672546387
1.2747929096221924
2.3375651836395264
2.20375657081604
2.3411142826080322
2.3150298595428467
2.338036060333252
1.007171630859375
1.0857560634613037
1.1099975109100342
1.0405387878417969
1.091092586517334
1.1766231060028076
1.1479041576385498
2.1824350357055664
2.1061720848083496
2.336003065109253
1.073582649230957
1.0736706256866455
1.0440328121185303
1.0554065704345703
1.0490949153900146
1.0175023078918457
1.0819091796875
1.0725948810577393
1.2053730487823486
1.206148624420166
2.2449915409088135
2.188777446746826
2.288252830505371
2.3129937648773193
2.21146297454834
2.14115571975708
2.1801326274871826
2.376189947128296
2.0845232009887695
2.273224115371704
2.2035274505615234
1.0254127979278564
1.0414104461669922
1.0440046787261963
1.0879082679748535
1.0380172729492188
1.0497589111328125
1.0847342014312744
1.032167673110962
1.0534780025482178
1.082216739654541
1.0320181846618652
1.0552167892456055
1.1326324939727783
1.1395184993743896
1.1057970523834229
1.1655991077423096
1.0844154357910156
1.19441819190979
1.1930935382843018
1.2302334308624268
1.1598546504974365
2.3182191848754883
2.2380242347717285
2.307379722595215
1.1802825927734375
1.162848949432373
1.2162985801696777
1.1937334537506104
1.0824897289276123
1.1600885391235352
1.1014347076416016
1.213066816329956
2.3517894744873047
2.2893056869506836
2.2754456996917725
2.144035816192627
2.294508695602417
0.9768321514129639
1.0514650344848633
1.0270912647247314
1.037353515625
1.0256707668304443
1.1074028015136719
1.0557587146759033
1.0768177509307861
1.0291831493377686
0.9852526187896729
1.014113426208496
1.038116216659546
1.0364305973052979
1.0622105598449707
1.0169732570648193
1.0284523963928223
1.0330469608306885
1.0631816387176514
1.0052120685577393
1.0387530326843262
1.049288034439087
1.1264286041259766
1.073667287826538
1.0994176864624023
1.0867645740509033
1.0325922966003418
1.0585627555847168
1.037282943725586
1.0364480018615723
1.0630638599395752
0.9751172065734863
1.0461313724517822
1.2231645584106445
1.1379516124725342
1.1218416690826416
1.1697843074798584
1.1970655918121338
1.2192730903625488
1.1875784397125244
1.2905185222625732
1.19938063621521
1.1668081283569336
1.2508742809295654
1.3036000728607178
1.1828389167785645
1.3176989555358887
1.0295195579528809
1.0018408298492432
1.008011817932129
1.0554993152618408
2.0929434299468994
2.1924989223480225
1.0891063213348389
1.1370935440063477
1.2649195194244385
1.164247989654541
1.187943935394287
1.2504026889801025
1.037980318069458
1.2384388446807861
1.1849632263183594
1.1870498657226562
1.2134625911712646
1.0797617435455322
2.281905174255371
2.284423589706421
1.141369104385376
1.2555580139160156
1.1280102729797363
1.2484080791473389
1.0972545146942139
1.1710493564605713
1.1383962631225586
1.1519951820373535
1.192206621170044
1.130157709121704
2.118945360183716
2.3678321838378906
2.177011489868164
2.380565881729126
1.0495178699493408
1.0070786476135254
1.0080969333648682
1.1627116203308105
1.1288821697235107
1.0257835388183594
1.0669820308685303
2.1371192932128906
2.0840888023376465
2.1816585063934326
2.108302116394043
2.138493776321411
2.2879722118377686
1.0078229904174805
1.0054576396942139
1.0322754383087158
1.2143220901489258
1.2692584991455078
1.157339334487915
1.1601111888885498
1.1805579662322998
1.0592620372772217
1.1766514778137207
1.1968889236450195
1.1946029663085938
1.2002859115600586
1.07319974899292
1.200605869293213
1.0927331447601318
1.0782997608184814
1.0489177703857422
1.122690200805664
1.0541605949401855
1.0234522819519043
1.044154167175293
1.0831773281097412
1.1114346981048584
1.1338245868682861
1.0733699798583984
1.0436413288116455
1.0781605243682861
1.0646626949310303
1.0693912506103516
0.9952733516693115
1.061220407485962
0.9633169174194336
0.9678668975830078
0.9866845607757568
1.059340000152588
0.9896392822265625
1.0599355697631836
1.125831127166748
1.1091504096984863
1.0833780765533447
1.0718343257904053
1.0720701217651367
1.1008212566375732
1.0872035026550293
1.0836803913116455
1.0693230628967285
0.9278929233551025
1.0390613079071045
1.1181323528289795
1.1163380146026611
1.1032006740570068
1.1246321201324463
1.122864007949829
1.0326285362243652
0.9950735569000244
0.9852750301361084
1.2634398937225342
1.0696759223937988
1.2087182998657227
1.3119254112243652
1.2008471488952637
1.2257227897644043
1.21964693069458
1.2191638946533203
1.1040472984313965
1.2387042045593262
1.2303028106689453
1.1944079399108887
1.1696295738220215
1.1633079051971436
1.230966567993164
1.258021593093872
1.0932636260986328
1.184096336364746
1.1069517135620117
1.1838452816009521
1.1135718822479248
2.3356590270996094
2.202209711074829
2.1579794883728027
2.2166152000427246
2.3739774227142334
2.262535333633423
1.0747346878051758
1.196284294128418
1.1178834438323975
2.265666961669922
2.1443209648132324
2.1770143508911133
2.3338356018066406
2.328015089035034
2.3084323406219482
2.6507794857025146
2.124051094055176
2.2989730834960938
2.2064273357391357
