29.680217027664185
38.07403302192688
11.606829166412354
9.34592866897583
9.711634159088135
38.99641442298889
36.784218549728394
30.114224672317505
23.787979125976562
38.30637001991272
26.918517351150513
13.488048315048218
31.028982162475586
38.447421073913574
11.094325542449951
11.51709246635437
4.970891237258911
14.955216646194458
19.306639909744263
19.697117567062378
24.254114866256714
36.85527563095093
15.264995336532593
41.0766167640686
40.79793977737427
11.60648250579834
27.322277784347534
13.938569784164429
38.44684314727783
28.717812061309814
19.566245317459106
15.148644208908081
10.802911520004272
26.771974802017212
4.976094722747803
18.732515573501587
5.89008355140686
35.03242039680481
35.08982181549072
38.42189335823059
