10.579986572265625
5.636946678161621
21.498586177825928
6.7442238330841064
8.222057580947876
2.7361462116241455
2.654585599899292
3.9355154037475586
2.7375926971435547
7.950380563735962
1.7782998085021973
1.738384485244751
7.787971496582031
1.8429474830627441
1.8665566444396973
1.8411839008331299
7.232879877090454
2.5763096809387207
8.95068097114563
1.8423106670379639
7.576152086257935
7.7686448097229
22.38704752922058
1.6616523265838623
2.9412593841552734
8.862886190414429
5.543748140335083
21.502150535583496
4.830373287200928
10.520859241485596
