11.773131132125854
22.557241439819336
2.981584072113037
7.364606142044067
2.988163471221924
9.163068056106567
1.8330068588256836
10.603642463684082
2.964456081390381
1.7994847297668457
2.660072088241577
2.910696506500244
8.824238538742065
4.958240509033203
7.665913343429565
7.47712254524231
1.777937650680542
12.630595445632935
11.477503061294556
22.742934942245483
16.078767776489258
1.8060588836669922
8.253929853439331
2.7091128826141357
13.744965076446533
13.574860095977783
10.044023513793945
22.48323941230774
6.007612228393555
6.731186628341675
2.858018636703491
6.842782020568848
14.024889469146729
11.361846923828125
2.6415789127349854
2.866455554962158
2.769049882888794
