[12, 20, 25, 18, 23, 7, 7, 13, 13, 2, 14, 5, 15]
[15, 9, 12, 9, 0, 11, 10, 6, 18, 13, 8, 2, 7, 6]
[12]
[17, 20, 21, 3, 4]
[10, 24]
[20, 2, 2, 22, 5, 8, 6, 12, 6]
[9]
[19, 13, 25, 22, 24]
[19, 5, 13, 10, 1, 17]
[12, 14, 7, 11, 11, 3, 16, 15]
[10, 15, 4]
[22, 5]
[12, 25, 12, 25, 20, 19, 9, 21, 18]
[10, 18, 4, 16, 16, 15, 15, 20, 13, 16]
[0, 5, 16, 6, 0, 4, 10]
[24, 18]
[1, 6, 19, 1, 25, 12, 14, 24, 8]
[10, 7]
[0, 20]
[3, 11, 11, 14, 25, 11, 21, 0, 8, 17, 22, 18, 7]
[10, 5, 6]
[4, 6, 24]
[13, 1, 14]
[25, 18, 3, 10, 13, 23, 7, 14, 23, 13, 22, 4, 12]
[0, 7, 21, 5, 0, 7, 2]
[11, 7, 8]
[2, 23, 15, 10, 22, 13, 18, 8, 2, 5, 6, 23, 10, 6]
[19, 16, 23]
[25, 17, 21, 16, 19, 10, 12, 25, 7]
[25, 24, 7, 0, 0, 11, 0, 7, 23]
[6, 17, 19, 22, 0, 2, 22, 10, 3, 6]
[3]
