0.003717682621110403
0.005285084898638726
0.0003789195530891419
0.000558170424904142
0.00019625606404145558
0.0010457056451865605
0.0001012642694791158
0.0005385489993095399
0.0008338277768929799
0.000981049273824692
0.00038504536056518555
0.0003854956942558289
0.001392334457786878
0.001272840591645241
0.001125695490711076
0.00019380085537433624
0.0014438438383234872
0.0002167044644696372
0.0002093204659938812
0.002342331600022316
0.0003635517746686936
0.0003344526957341602
0.00034346339188303266
0.002438944723734489
0.0010976983907154628
0.0003234870673656464
0.002573381447304998
0.00037249078080654145
0.0013504365622202558
0.0010849737387551204
0.002035754409742356
0.0001058281601054328
