1.2056550979614258
1.1551282405853271
1.2726364135742188
1.102613925933838
2.1749534606933594
2.095376491546631
2.256018877029419
2.195100784301758
2.1521670818328857
2.1931650638580322
2.2759556770324707
2.3198773860931396
2.170450210571289
2.3163349628448486
2.1390867233276367
2.1445703506469727
2.2113397121429443
2.2335259914398193
2.3716461658477783
2.303802728652954
2.2822036743164062
2.401794672012329
2.164435625076294
2.2990782260894775
2.2561111450195312
2.420184850692749
2.1600537300109863
2.2730627059936523
1.0219061374664307
1.036957025527954
1.0017845630645752
1.034360408782959
0.9997799396514893
0.9900979995727539
0.971808671951294
1.0250520706176758
1.0740940570831299
1.0630743503570557
1.0923948287963867
1.100649356842041
1.0741908550262451
1.038276195526123
1.0275115966796875
1.0495989322662354
1.0123052597045898
1.0437254905700684
1.048959493637085
1.0171558856964111
1.0268468856811523
1.031728744506836
1.0483412742614746
1.0355639457702637
1.0569067001342773
1.0628635883331299
1.0361838340759277
1.0122859477996826
1.0999486446380615
1.0534453392028809
1.0472126007080078
1.0473062992095947
1.0279815196990967
1.0228192806243896
1.0817465782165527
1.0261316299438477
1.0649409294128418
1.1693475246429443
1.0651576519012451
0.9940962791442871
2.6187968254089355
1.0611813068389893
1.0811796188354492
1.0642859935760498
1.062371015548706
1.054316520690918
1.1031270027160645
1.1295912265777588
1.04378080368042
1.0371811389923096
1.0429706573486328
1.144289255142212
1.0418901443481445
1.1586534976959229
1.0627732276916504
1.1165854930877686
1.0844206809997559
1.1026809215545654
1.110234260559082
1.042447805404663
1.0547122955322266
1.090620517730713
1.0420660972595215
1.054168939590454
1.0066642761230469
1.1049513816833496
1.0325775146484375
1.0421233177185059
1.0712993144989014
1.218554973602295
1.1197657585144043
1.1002984046936035
1.0793483257293701
1.1015582084655762
1.1421105861663818
1.0945587158203125
1.0682950019836426
1.0690457820892334
0.9915754795074463
0.9864284992218018
1.0329298973083496
0.9759037494659424
1.2595016956329346
1.1909782886505127
1.1142654418945312
1.2668423652648926
1.1986401081085205
1.181123971939087
1.1985723972320557
1.0967495441436768
1.2298572063446045
1.2311680316925049
1.1266586780548096
1.261641502380371
1.1237988471984863
1.0800447463989258
1.0177862644195557
1.0174369812011719
0.9827487468719482
1.012892723083496
1.0571279525756836
1.0362648963928223
1.0726122856140137
1.0261387825012207
1.0731797218322754
1.1878306865692139
1.1835143566131592
1.1608335971832275
1.169719934463501
1.269291877746582
1.104637622833252
1.3004157543182373
1.1142199039459229
1.2436273097991943
1.2247114181518555
1.1362884044647217
1.170262336730957
1.0786173343658447
1.0113677978515625
1.0048613548278809
1.0480396747589111
0.9631204605102539
1.0657453536987305
1.030318260192871
1.0552551746368408
1.0439622402191162
1.0052649974822998
1.2623767852783203
1.181469202041626
1.282738208770752
1.2374060153961182
1.2138895988464355
1.1440160274505615
1.225628137588501
1.1596710681915283
1.0967717170715332
1.1170077323913574
1.1555249691009521
1.1772644519805908
1.225517988204956
2.2350165843963623
1.0843005180358887
1.0431017875671387
1.0644638538360596
1.0241892337799072
1.0338423252105713
1.1089825630187988
0.9947171211242676
1.0247631072998047
1.0297727584838867
1.0531055927276611
1.0449371337890625
1.0327093601226807
1.047377347946167
1.1749019622802734
1.0576624870300293
1.0372273921966553
0.9797475337982178
1.039797306060791
1.0614051818847656
1.2746944427490234
1.0890214443206787
1.056473970413208
0.995842695236206
1.0073325634002686
1.068910837173462
1.1772868633270264
1.0428540706634521
0.9936783313751221
2.1794097423553467
2.121565341949463
2.233635425567627
0.9659631252288818
