37.81380319595337
41.3589653968811
4.144970655441284
17.107739686965942
7.75269889831543
31.94762420654297
5.976856708526611
18.418925762176514
14.79408574104309
21.8021137714386
10.728983640670776
11.473863363265991
21.257033824920654
34.26758146286011
14.655879735946655
8.879403591156006
20.494709253311157
12.296804428100586
13.040473461151123
28.77666974067688
19.115660429000854
13.91033935546875
14.037216424942017
26.75000786781311
15.75053858757019
14.984190464019775
32.521939277648926
18.978250980377197
20.120801210403442
26.528907537460327
26.259076595306396
9.912760496139526
