[11, 6, 3, 18, 8, 5, 0, 18]
[19, 16, 8, 10, 10, 12, 1, 4, 8]
[12, 16, 16, 9, 2, 1, 16, 16, 12]
[19, 7, 1, 14, 15, 5]
[7, 1, 7, 1, 12, 1, 10, 10, 14, 15, 4, 8, 2, 19, 7]
[17, 13, 8, 0, 7, 19, 10, 10, 7]
[16, 11, 7, 9, 6, 0, 1]
[4, 18, 8, 0, 16, 13, 7, 11, 5, 13, 19, 15, 10, 1]
[2, 7, 15, 15, 10, 10, 9, 11]
[0, 17]
[4, 18, 2]
[17, 19, 13, 11, 10, 18, 8, 17]
[18, 19, 1, 19, 13, 9, 5]
[8, 2]
[0, 10, 8, 18, 13, 18, 12, 9]
[19]
[18, 11, 3, 9, 4, 14, 12, 13, 12]
[7, 6]
[18, 12, 19, 15, 17, 5, 4, 9, 6, 5, 8, 4, 18, 4]
[6, 11, 0, 10, 1, 7, 5, 15]
