0.9914216995239258
1.0398929119110107
0.9757900238037109
1.058211088180542
2.122002601623535
2.0494801998138428
2.1345055103302
2.1390538215637207
1.066019058227539
1.0547893047332764
1.057952880859375
2.136613607406616
2.052391767501831
2.1538476943969727
2.0584661960601807
2.2088258266448975
2.0710203647613525
1.0500600337982178
2.121250867843628
2.1615853309631348
2.0548789501190186
2.2423808574676514
2.1692850589752197
2.1994223594665527
2.1826627254486084
2.1731138229370117
1.0635852813720703
1.0286152362823486
1.0667366981506348
1.0695788860321045
1.0842647552490234
1.0553863048553467
1.1969900131225586
1.208176851272583
1.1772487163543701
1.183304786682129
1.2724082469940186
1.2433371543884277
2.1764912605285645
2.2130954265594482
2.30816388130188
2.1971850395202637
2.1603877544403076
2.294093370437622
2.141822099685669
2.316470146179199
2.2456564903259277
1.0894060134887695
1.0619544982910156
1.055649995803833
1.0293455123901367
1.1009602546691895
1.0242795944213867
2.103167772293091
2.1159045696258545
2.0854389667510986
1.1060373783111572
1.0955233573913574
1.029737949371338
0.968327522277832
0.9782142639160156
2.1659724712371826
2.1487154960632324
1.0928361415863037
1.1411349773406982
1.1042664051055908
1.2226331233978271
1.2600042819976807
1.0781657695770264
1.1835298538208008
1.1561334133148193
1.1666581630706787
1.1939852237701416
1.1456117630004883
2.324772834777832
2.210277557373047
2.151149034500122
1.069596290588379
1.0300793647766113
1.0245850086212158
1.0148646831512451
0.9962003231048584
1.000016212463379
1.0430030822753906
1.0477359294891357
0.9463584423065186
1.05741286277771
0.9721188545227051
0.9969820976257324
0.9490659236907959
1.055299997329712
1.062537431716919
1.0715749263763428
1.0930407047271729
1.0594937801361084
1.0711405277252197
1.0717289447784424
1.1029672622680664
1.0658347606658936
1.065521001815796
1.092400312423706
1.0620324611663818
1.035381555557251
1.0191428661346436
1.015831470489502
1.0063488483428955
1.0207655429840088
1.0657715797424316
1.1137287616729736
1.0698857307434082
1.1129720211029053
1.0639610290527344
1.0432932376861572
1.0772807598114014
1.0498199462890625
0.989997386932373
1.056527853012085
1.1324436664581299
1.0589690208435059
1.0152003765106201
1.0812427997589111
1.0510187149047852
1.0519683361053467
1.0763392448425293
1.0399119853973389
1.0393686294555664
0.9861700534820557
1.1757497787475586
1.1500144004821777
1.2799546718597412
1.1667842864990234
1.212620735168457
1.299569845199585
1.1934947967529297
1.191758632659912
1.1664350032806396
1.2346699237823486
1.2577259540557861
1.2163403034210205
1.1141483783721924
1.1567575931549072
1.055799961090088
1.080918550491333
1.071397304534912
1.070897102355957
1.0576016902923584
1.0619778633117676
1.0899529457092285
1.0517091751098633
