2.0496127605438232
1.1499216556549072
1.2840485572814941
1.1339516639709473
1.135958194732666
1.111637830734253
1.254441261291504
2.3896608352661133
2.2505476474761963
2.1418793201446533
2.2672224044799805
2.331746816635132
2.3126566410064697
2.2449982166290283
2.1595778465270996
2.2314178943634033
1.1497869491577148
1.1806209087371826
1.1606254577636719
1.1612615585327148
1.2545301914215088
2.2590935230255127
2.1349077224731445
2.3886678218841553
2.248725175857544
2.2333598136901855
2.1778626441955566
3.5759849548339844
2.0727438926696777
1.0170505046844482
1.0471479892730713
1.0736348628997803
1.0443952083587646
1.068408489227295
1.0537290573120117
1.058769941329956
1.087449312210083
1.0466179847717285
1.3816606998443604
1.0625905990600586
1.0405924320220947
1.232436180114746
1.147447109222412
1.1819300651550293
1.1617326736450195
1.2594490051269531
1.2535631656646729
1.2286381721496582
1.1474385261535645
1.0833964347839355
1.1187739372253418
1.0831904411315918
1.129687786102295
1.1525697708129883
1.0443496704101562
1.040208101272583
1.0429890155792236
1.0240838527679443
1.0008535385131836
1.0639607906341553
1.015918254852295
1.0439879894256592
0.9899485111236572
1.0361783504486084
0.989116907119751
1.0270962715148926
1.160367727279663
1.2004222869873047
1.2669422626495361
1.1219170093536377
1.119826078414917
1.0993006229400635
1.1629176139831543
1.1683359146118164
1.1254279613494873
1.2017455101013184
1.084399700164795
2.3420450687408447
2.1956498622894287
1.0331072807312012
1.0144217014312744
1.0558011531829834
1.054164171218872
2.1585752964019775
2.1126415729522705
2.128568172454834
2.0262889862060547
1.0271596908569336
1.0281472206115723
1.165273904800415
1.0661509037017822
1.1068170070648193
2.2366280555725098
2.289508819580078
2.096010684967041
2.1773369312286377
2.646829843521118
1.1151390075683594
1.0655925273895264
1.096930742263794
1.096869945526123
1.0982081890106201
1.0724401473999023
1.0599629878997803
2.146013021469116
2.3012726306915283
1.0734617710113525
1.0014846324920654
1.0872547626495361
1.0461339950561523
1.0897438526153564
1.1054964065551758
2.0770423412323
2.186067819595337
2.270526647567749
2.1659932136535645
