0.003953941402371114
0.005233977365612984
0.0004164924166917801
0.0005552216863632202
0.00019740822428067524
0.001062849938614028
9.866778888702393e-05
0.0005477361447811127
0.0008319532429774603
0.0009898062311410904
0.00034565320086479183
0.00022045204336643219
0.001290175177717209
0.001253422996687889
0.0011206839169672557
0.00017921914162635804
0.001423599745631218
0.00022371898295198167
0.00021145750427246094
0.0023005324740061396
0.00036614745197296143
0.0003428018912758146
0.00033570127976281306
0.0023083588519279773
0.0011294422338553839
0.0003211823373794556
0.002567455121254921
0.00035593677513599397
0.001365730979037285
0.001075813678320249
0.002106856292009354
0.00010239128243923188
