1.2985477447509766
1.1128523349761963
1.1766283512115479
1.170196533203125
2.2547664642333984
2.184551954269409
2.355961799621582
2.3063971996307373
2.2307443618774414
2.2637429237365723
3.331699848175049
2.2266242504119873
2.2177515029907227
2.2174274921417236
2.259324789047241
2.197517156600952
2.3593320846557617
2.277191162109375
2.3520405292510986
2.297372579574585
2.2889814376831055
2.261164665222168
2.2096056938171387
2.131755828857422
2.147167205810547
2.1217398643493652
2.2769641876220703
2.4984548091888428
1.0213308334350586
1.0277104377746582
1.0388014316558838
0.9745161533355713
1.005514144897461
0.9666750431060791
1.0067493915557861
1.094010829925537
1.0369360446929932
1.1800737380981445
1.1167998313903809
1.0334465503692627
1.1336612701416016
1.0349812507629395
1.028975486755371
1.0424444675445557
0.9863491058349609
1.0619487762451172
1.0648610591888428
1.0467965602874756
1.0162858963012695
1.066692590713501
1.0567572116851807
1.0320460796356201
1.0536541938781738
1.043097734451294
1.0181052684783936
1.0344293117523193
1.0968513488769531
1.0499722957611084
1.050142765045166
1.0444738864898682
1.03611421585083
1.0701286792755127
1.0744972229003906
1.0594496726989746
1.015268325805664
0.9741058349609375
0.9725213050842285
1.0091612339019775
1.0569310188293457
1.0955848693847656
1.0693132877349854
1.1229560375213623
1.0983643531799316
1.0609724521636963
1.0255906581878662
1.0796303749084473
0.9787082672119141
1.142775058746338
1.038417100906372
1.1662571430206299
1.0329253673553467
1.0802714824676514
1.0363335609436035
1.085404396057129
1.119157314300537
1.0552709102630615
1.0411276817321777
1.0853919982910156
1.0201680660247803
1.0329813957214355
1.051457166671753
1.0893158912658691
1.0151841640472412
1.1381661891937256
1.0056068897247314
0.9930253028869629
0.9613819122314453
1.1001548767089844
1.0814456939697266
1.0579373836517334
1.0399835109710693
1.19122314453125
1.1245124340057373
1.0870578289031982
1.0773630142211914
1.0937387943267822
1.0202891826629639
1.0217409133911133
1.0422649383544922
0.9870777130126953
1.1706898212432861
1.099255084991455
1.285304307937622
1.1556391716003418
1.191572904586792
1.119593858718872
1.1760790348052979
1.1741185188293457
1.0871312618255615
1.1085388660430908
1.1402482986450195
1.1816067695617676
1.31378173828125
1.069749116897583
1.0277557373046875
1.0400054454803467
1.061680555343628
1.018768310546875
1.0485291481018066
1.003829002380371
1.0229823589324951
1.0373547077178955
1.1227076053619385
1.1801047325134277
1.1547272205352783
1.271909475326538
1.1444368362426758
1.0888333320617676
1.2537736892700195
1.2128264904022217
1.1311635971069336
1.1198759078979492
1.2052817344665527
1.1891727447509766
1.1804685592651367
1.13828706741333
1.0575501918792725
1.1011037826538086
1.0690219402313232
0.9995062351226807
1.031430721282959
1.0134437084197998
1.0232439041137695
1.0481235980987549
1.0109965801239014
1.2329559326171875
1.2015197277069092
1.168602466583252
1.2104730606079102
1.115908145904541
1.261725902557373
1.2556877136230469
1.150860071182251
1.0825958251953125
1.1648917198181152
1.175502061843872
1.2123384475708008
1.1596808433532715
2.28076171875
0.9914131164550781
1.024315357208252
1.0342867374420166
1.0365405082702637
0.9875457286834717
1.0416555404663086
1.1144630908966064
1.0388264656066895
1.0380420684814453
1.132624864578247
1.0386872291564941
1.02449369430542
1.046755075454712
1.0093746185302734
1.1850411891937256
1.107896327972412
1.1484262943267822
1.0625989437103271
1.0694611072540283
1.0313327312469482
1.0185329914093018
1.1204800605773926
1.1637547016143799
1.092902421951294
1.0833184719085693
1.235105276107788
1.05987548828125
1.0788168907165527
2.1267504692077637
2.173430919647217
2.2272305488586426
0.9345924854278564
