39.01933026313782
41.11866784095764
4.375443935394287
17.586059093475342
7.905883073806763
31.822277784347534
6.033229112625122
18.46935200691223
14.787792921066284
21.708603143692017
10.523595809936523
10.128137111663818
21.722331762313843
33.68311381340027
14.791452646255493
8.918492078781128
20.357910633087158
12.217599868774414
13.028934717178345
27.790794849395752
19.283089876174927
13.691138505935669
13.648296356201172
26.331014156341553
15.606208562850952
14.717132568359375
32.67973518371582
19.182486534118652
20.327410221099854
26.313685417175293
26.481038093566895
10.031337022781372
