7.697995185852051
2.957043170928955
9.40188980102539
10.601003885269165
1.7517778873443604
6.427520036697388
4.019304275512695
7.978206396102905
8.546531677246094
15.242247819900513
2.9695048332214355
1.8275816440582275
7.553372383117676
2.948617458343506
8.489061832427979
6.013308525085449
2.8524627685546875
3.8915181159973145
5.548818349838257
1.841320514678955
9.180685758590698
7.4804205894470215
2.6596531867980957
7.3908164501190186
2.6225831508636475
7.494361162185669
4.031965017318726
2.846630096435547
12.85278868675232
5.682363748550415
5.461676359176636
22.07132124900818
