1.7710545063018799
2.957576036453247
5.675836563110352
8.529201745986938
6.67732048034668
12.91901421546936
8.628991842269897
4.094191074371338
5.045283079147339
1.6682682037353516
11.51876711845398
3.970193386077881
1.7830779552459717
7.471574544906616
2.891472339630127
4.960500717163086
5.587819576263428
9.056399583816528
1.8233311176300049
11.659830808639526
6.8623480796813965
1.6488871574401855
7.958391189575195
8.993454694747925
7.2895896434783936
7.735550165176392
5.670831203460693
8.451921939849854
8.358964920043945
