[10, 1, 10, 2, 13, 16, 22, 19, 4]
[7, 24, 7, 7, 17, 5, 21, 21, 2, 8, 11, 7, 3, 15, 17]
[3, 4, 11, 2, 19, 3, 13, 11]
[20, 14, 18, 16, 13, 22, 2]
[20, 18, 11, 22, 13, 16, 1, 22]
[21, 19, 4, 6, 6, 23, 15, 18, 5]
[11, 4]
[24, 4, 9, 23, 5, 2, 0, 9, 23, 24, 5, 9, 13]
[4, 20, 10]
[12, 23, 2]
[17, 0, 15, 16, 20, 12, 10, 16, 13, 4, 9, 7, 12, 22, 9]
[6, 23, 13, 6, 4]
[23, 7, 0, 12, 2, 13, 1, 15, 9]
[6, 4, 14, 9, 12, 2, 13, 21]
[0, 2, 6, 15, 16, 5, 14]
[20, 10, 24, 2, 10, 0, 14, 15, 10]
[24]
[23, 11, 0, 6, 10, 4, 8, 5, 3, 12, 1, 17, 0]
[1, 14, 2, 6, 19, 18]
[7, 3, 18, 7, 16, 15, 9, 16, 8]
[5, 24, 11, 13, 2, 14, 10, 8, 20]
[18, 20, 12, 10, 19, 22, 4, 13, 5, 8, 14, 5, 16, 13, 2]
[0, 14, 7, 3, 21, 22, 3]
