0.0018366035788297654
0.005076812568306923
0.0009999212429920835
0.0011862082953453066
0.0008930198923826217
0.0011728470881091223
0.00020065084379514056
0.0023646550843862387
0.0003321370387417929
0.00031791838598251346
0.002426484644643466
0.0006560856437683106
0.0018457387241363526
0.0013582120490074159
0.0011337822689192637
0.0014428162336773344
0.00011228553171157837
0.002472957097660578
0.0008328840701580048
0.0011778957107782364
0.0014233843433247672
0.004287454944849015
0.0007821407127857208
