1.0668847560882568
1.0342748165130615
1.082524299621582
1.0507402420043945
1.042768955230713
2.072927236557007
2.025125503540039
2.0873122215270996
2.308526039123535
1.0852444171905518
1.1601042747497559
2.1746456623077393
2.2807109355926514
2.1866679191589355
2.221996307373047
2.2771897315979004
2.281466484069824
2.224196672439575
2.2249319553375244
2.3631367683410645
2.2911059856414795
2.3537421226501465
2.4062273502349854
2.1921029090881348
1.0350091457366943
1.0691828727722168
1.032729148864746
1.062631607055664
1.053229808807373
1.048776388168335
1.018639087677002
1.0101649761199951
1.033287525177002
1.070291519165039
1.0167906284332275
0.9552793502807617
1.0041685104370117
1.0143158435821533
1.021693229675293
1.0264787673950195
1.070833683013916
0.9871149063110352
1.0355515480041504
1.0946485996246338
1.0411505699157715
1.0585904121398926
1.0550775527954102
1.076946496963501
1.0895640850067139
1.0761735439300537
1.0961029529571533
1.0451416969299316
1.0654957294464111
1.0466501712799072
1.0709304809570312
1.026400089263916
1.049696445465088
0.9561433792114258
1.2401258945465088
1.1888418197631836
1.2692630290985107
1.2431447505950928
1.2254738807678223
1.117973804473877
1.1131689548492432
1.0806818008422852
1.1853983402252197
1.1333532333374023
1.1452364921569824
2.2889578342437744
2.164405345916748
1.013798713684082
1.0299530029296875
0.9878811836242676
0.9497759342193604
1.0326213836669922
1.0686428546905518
1.2558045387268066
1.1143369674682617
1.2706778049468994
1.2284307479858398
1.2409169673919678
1.2389025688171387
1.272606611251831
1.226440668106079
1.1819112300872803
1.2476649284362793
1.2532212734222412
1.2086985111236572
1.1462562084197998
1.1970233917236328
1.1111938953399658
1.044569730758667
1.034332513809204
1.060222864151001
1.0241024494171143
1.01503324508667
1.0497558116912842
1.0139470100402832
1.1283087730407715
1.002366542816162
1.0452449321746826
2.080526828765869
2.1464321613311768
2.17427134513855
2.1987271308898926
1.065246820449829
1.0387694835662842
1.015885353088379
1.0544631481170654
1.0501513481140137
0.9820668697357178
2.1088733673095703
2.1970207691192627
1.0129413604736328
1.008934736251831
0.9595317840576172
1.0091776847839355
1.0448827743530273
2.0752389430999756
2.044300079345703
1.08135986328125
1.1169705390930176
1.125528335571289
1.024411678314209
1.0978035926818848
1.0625371932983398
1.0013453960418701
2.171088695526123
2.120596170425415
0.9621725082397461
1.0632367134094238
1.1964943408966064
1.1620519161224365
1.2179768085479736
1.2036831378936768
1.2205932140350342
1.088860273361206
1.1997509002685547
1.1777722835540771
1.1753818988800049
1.1707708835601807
1.0811831951141357
2.3853089809417725
0.9734270572662354
1.0525054931640625
1.0160470008850098
1.0328319072723389
1.0060408115386963
2.056114912033081
1.0628597736358643
1.061918020248413
1.0325453281402588
1.0025997161865234
1.0906639099121094
1.064110517501831
1.0376484394073486
1.056837558746338
2.1886987686157227
1.029754638671875
1.0654091835021973
1.110015630722046
1.0629024505615234
1.0429604053497314
1.0940048694610596
1.0401883125305176
2.078528642654419
2.1189324855804443
1.223710298538208
1.1794803142547607
1.267277479171753
1.2349958419799805
1.1687355041503906
2.3125083446502686
2.4096219539642334
2.412566661834717
2.2936577796936035
2.470797061920166
2.1360883712768555
2.3360040187835693
2.194082021713257
2.312699794769287
2.2737796306610107
1.0112168788909912
1.0264620780944824
1.0521361827850342
0.99947190284729
0.986475944519043
1.0377061367034912
1.0256428718566895
