5.693182945251465
2.8693325519561768
2.8915271759033203
4.042369842529297
5.992693662643433
10.518522500991821
14.078015089035034
2.548189878463745
6.712277412414551
2.8863813877105713
13.625410795211792
22.644378662109375
6.592929124832153
2.854095220565796
2.6156511306762695
1.7923674583435059
7.850142002105713
1.6911804676055908
2.910203695297241
6.526062965393066
11.622251033782959
1.6438076496124268
21.146909952163696
22.616856813430786
6.354526519775391
2.639277696609497
1.8152377605438232
22.3100426197052
3.000936985015869
6.697850227355957
2.6534006595611572
