6.661251783370972
11.594369649887085
11.527655601501465
4.052484750747681
3.733690023422241
2.840677499771118
10.637631177902222
6.611590623855591
8.287336111068726
11.70410442352295
7.318730115890503
1.7019596099853516
5.6721742153167725
1.8187663555145264
2.6024765968322754
11.79162049293518
2.940833330154419
1.7002336978912354
2.8218889236450195
11.737346410751343
2.859783887863159
4.0739734172821045
10.078171730041504
5.58437180519104
11.48891019821167
8.270147323608398
2.616483449935913
10.723289728164673
4.9430975914001465
1.8171920776367188
6.030140161514282
8.905819654464722
11.841718673706055
8.499088287353516
11.63168740272522
13.224008560180664
10.136992931365967
5.536411285400391
