1.049302101135254
1.1111769676208496
1.0591483116149902
1.085768222808838
1.0538649559020996
1.0133841037750244
1.072356939315796
1.031825065612793
1.0533738136291504
2.073451280593872
2.0259292125701904
2.089003801345825
2.043832778930664
2.0823066234588623
2.113847494125366
0.9550848007202148
2.1320366859436035
2.8725364208221436
2.107393264770508
2.1018805503845215
2.088820219039917
2.127394199371338
2.1110737323760986
2.0226385593414307
1.236358404159546
1.2047524452209473
1.285405158996582
1.2695739269256592
1.1895146369934082
1.1204612255096436
2.2782697677612305
2.2406046390533447
2.0976953506469727
2.1027538776397705
2.197277545928955
2.2070095539093018
2.276390552520752
2.175262212753296
2.327003002166748
1.1913948059082031
1.200709581375122
1.1711108684539795
1.187556505203247
2.3077080249786377
2.2780139446258545
2.241077423095703
2.0573511123657227
2.2931742668151855
2.190976142883301
2.321674108505249
2.356144905090332
2.3522236347198486
1.0307385921478271
1.0437664985656738
1.0429556369781494
1.0229237079620361
1.033853530883789
1.0174365043640137
1.0407049655914307
1.0517566204071045
1.0586440563201904
1.0429661273956299
1.0559203624725342
1.046461582183838
1.0144789218902588
1.0638318061828613
1.0479581356048584
1.0187432765960693
1.0652873516082764
1.0431785583496094
1.026132345199585
1.0447869300842285
0.9961962699890137
1.0147192478179932
1.03714919090271
1.0591235160827637
1.039482831954956
1.0741589069366455
1.0840091705322266
1.1220426559448242
1.1042428016662598
1.0975825786590576
1.0774633884429932
1.0493855476379395
1.0096344947814941
1.0362725257873535
1.150822639465332
1.1834378242492676
1.238126277923584
1.226614236831665
1.1013731956481934
1.2594687938690186
1.1618187427520752
1.2552886009216309
1.2220406532287598
1.1803011894226074
1.136225938796997
1.1431670188903809
1.1561589241027832
1.210191249847412
1.1067485809326172
1.0835797786712646
1.133836030960083
1.0776019096374512
1.1087830066680908
1.0680668354034424
1.0123155117034912
1.0803439617156982
1.0680654048919678
1.063636064529419
1.0333471298217773
1.0632743835449219
1.0473098754882812
1.0103521347045898
1.0669023990631104
1.045832872390747
1.0552854537963867
1.0760579109191895
1.100433588027954
1.0140597820281982
1.0108799934387207
1.0932073593139648
1.0583088397979736
2.2261910438537598
2.134899854660034
1.1148693561553955
1.0592577457427979
1.085556983947754
