0.9655377864837646
1.056624412536621
1.0560417175292969
2.209204912185669
2.1793346405029297
2.0680899620056152
2.0924413204193115
1.2425463199615479
1.1696836948394775
1.0582551956176758
1.1019279956817627
2.227198839187622
2.2408909797668457
2.2548396587371826
2.303719997406006
2.183907985687256
2.2564592361450195
2.1446187496185303
2.2216482162475586
2.3010363578796387
2.1936068534851074
1.1029088497161865
1.0640568733215332
2.1255242824554443
2.1048989295959473
2.1630477905273438
2.136467218399048
2.2029881477355957
2.0027129650115967
2.1699390411376953
0.9937901496887207
0.9824178218841553
1.0306482315063477
0.9771876335144043
1.1230955123901367
1.0713367462158203
1.0789012908935547
1.0377302169799805
1.0652174949645996
1.0667340755462646
1.0472297668457031
0.9854578971862793
0.972069501876831
1.0230557918548584
1.0910940170288086
1.032956838607788
1.0706379413604736
1.056656837463379
1.0736274719238281
1.0647363662719727
1.1020419597625732
1.0882444381713867
1.0883238315582275
1.13975191116333
1.251159429550171
1.1753661632537842
1.1729578971862793
1.1525001525878906
1.1809124946594238
1.1810333728790283
1.0941689014434814
1.2069480419158936
1.1674823760986328
1.2071239948272705
1.1816010475158691
1.2021992206573486
1.2300572395324707
1.0286359786987305
1.0183172225952148
1.012773036956787
1.1493768692016602
1.2520275115966797
1.1985275745391846
1.1974351406097412
1.2087945938110352
1.2274651527404785
1.0052616596221924
1.0783710479736328
2.3540384769439697
2.363415002822876
2.2858221530914307
2.181105613708496
2.321666717529297
2.3264970779418945
2.133654832839966
1.0003445148468018
1.2449615001678467
2.095203399658203
2.0833096504211426
2.1036579608917236
2.0407955646514893
2.13973331451416
2.200322151184082
2.1064186096191406
0.9765119552612305
1.251603603363037
1.1806845664978027
1.1553919315338135
1.1777324676513672
1.1801202297210693
1.2373545169830322
1.1673872470855713
1.103848934173584
2.2279396057128906
2.280973434448242
2.197545289993286
2.2710323333740234
2.1894001960754395
2.271801710128784
