[14, 10, 14, 2, 1, 5, 13, 16, 4]
[15, 11, 9, 5, 10, 2, 5, 7, 15, 8, 14, 13, 0, 9]
[3, 14, 1, 9, 1, 10, 14, 5, 10, 14, 0, 9, 0]
[2, 17, 9, 14, 15, 8, 17, 12, 15, 7, 17, 2, 8]
[3, 6, 14, 12, 12]
[13, 9, 3, 14, 1, 11]
[4, 3, 5, 0, 2, 0, 1, 15, 7]
[14, 16, 11, 5, 3, 8, 0]
[4, 10, 17]
[4, 11, 5, 7, 16, 15]
[8, 5, 3, 14, 4, 9, 12, 0]
[15, 2, 1, 8, 15, 5, 1, 11, 11]
[4, 15, 9]
[5]
[12]
[13, 16, 5, 16, 14, 4, 12, 13]
[11, 1, 5, 8, 6, 2, 16, 3]
[14, 10, 5, 15, 4, 9, 6, 6, 13]
[16, 8, 17, 17, 2, 16, 6, 16, 13]
[2, 16, 1, 2, 14, 7, 13, 2, 4]
[15, 5, 11, 6, 8, 16, 17, 9, 11, 11, 1, 5, 12, 9, 13]
[13, 15, 13, 7, 2, 7, 6, 10, 9, 2, 10, 0, 4]
[4, 17, 7]
