0.0017035176168839136
0.00522933053252697
0.0025852221803591806
0.0015830206550744865
0.0005254814757780595
0.0006631762841983275
0.0011227040966749191
0.000917142925115994
0.0003291742866516113
0.0008326094077507654
0.0010880834860801697
0.0015909496112823487
0.000324967370390892
0.00016381606850624086
0.00010873161355654398
0.0010795102365493774
0.00137399821434021
0.0011921000389152104
0.0018207555814213222
0.002866637985160616
0.004759911563134194
0.0039016803371044306
0.0003235099417317998
