1.1053130626678467
1.1127221584320068
1.0605177879333496
1.0825796127319336
1.0421550273895264
1.0429527759552002
2.134389638900757
2.1029529571533203
2.0896058082580566
2.0084686279296875
2.4201362133026123
2.2662901878356934
2.275886297225952
2.1503102779388428
2.173102855682373
2.173826217651367
2.319577693939209
2.286503791809082
2.2603845596313477
2.2672371864318848
2.310763120651245
2.2211978435516357
2.2360243797302246
1.1406962871551514
1.1199913024902344
1.127533197402954
1.3891396522521973
1.0893630981445312
1.2280900478363037
1.2401912212371826
1.1648871898651123
1.1380727291107178
2.3167383670806885
2.468844413757324
2.4072964191436768
2.3286476135253906
1.0525157451629639
1.134350299835205
1.2559025287628174
1.2549140453338623
1.1494157314300537
1.2144222259521484
1.2063987255096436
1.1051394939422607
1.1565141677856445
1.0570495128631592
1.134000539779663
1.1209936141967773
1.2116117477416992
1.0181710720062256
0.9760172367095947
1.0742592811584473
1.0252201557159424
1.004944086074829
1.0574393272399902
1.067491054534912
1.076378345489502
1.0936319828033447
1.060004472732544
1.0796840190887451
1.0917787551879883
1.064443588256836
1.065089464187622
1.0931169986724854
1.0772204399108887
1.0210697650909424
1.1006824970245361
1.020890712738037
1.086137056350708
1.0507118701934814
1.0690927505493164
1.0330204963684082
1.0531747341156006
1.1138129234313965
1.0662410259246826
1.0196452140808105
1.0339088439941406
1.0463299751281738
1.0048060417175293
1.011054277420044
1.0655150413513184
1.0822455883026123
1.0077142715454102
1.0488662719726562
1.0276143550872803
1.0800480842590332
1.0575940608978271
1.0128967761993408
1.0490574836730957
1.0445539951324463
1.0503296852111816
1.0300407409667969
1.0971779823303223
1.0136644840240479
1.0680177211761475
1.0498688220977783
1.0553092956542969
1.0546417236328125
1.0425920486450195
1.1305651664733887
1.0896353721618652
1.039494276046753
1.0212430953979492
0.9985837936401367
1.0257904529571533
0.9826998710632324
0.9782910346984863
1.0693504810333252
1.0476815700531006
1.0289306640625
1.0673842430114746
1.0070300102233887
1.0711936950683594
1.023120641708374
1.0406510829925537
1.1519889831542969
1.3713598251342773
1.1501715183258057
1.131803035736084
1.2323226928710938
1.1680355072021484
1.277275562286377
1.2135722637176514
1.1058411598205566
1.1186790466308594
1.0396909713745117
1.1198725700378418
1.0596671104431152
1.0801887512207031
1.0957615375518799
1.0603256225585938
1.070859670639038
0.9987626075744629
1.0094902515411377
1.040513515472412
1.0071825981140137
1.0842506885528564
1.0325253009796143
1.0507636070251465
2.2515363693237305
2.2273247241973877
1.0100750923156738
2.1805403232574463
2.191833734512329
2.1166186332702637
2.215169906616211
2.1573097705841064
2.118492364883423
2.173983335494995
2.26041579246521
1.180299997329712
1.1922483444213867
1.235185146331787
2.2757911682128906
2.2641546726226807
2.2472856044769287
2.302903652191162
2.3201589584350586
2.259138345718384
2.313971519470215
2.3340749740600586
2.194035053253174
2.229088544845581
2.2645680904388428
2.423250436782837
1.18281888961792
1.122002363204956
1.0802438259124756
2.208831787109375
2.2681431770324707
2.337960720062256
2.153841018676758
2.1809659004211426
2.184349775314331
2.1728384494781494
2.2174527645111084
2.3703789710998535
2.3052592277526855
1.0371460914611816
1.0919032096862793
1.0098845958709717
