2.2392351627349854
2.2507882118225098
2.2251312732696533
2.1244800090789795
2.2545650005340576
2.293059825897217
2.224287271499634
2.294332504272461
2.3198401927948
2.3364739418029785
2.2747201919555664
2.368227481842041
2.3988404273986816
2.1926631927490234
2.203214406967163
2.0466954708099365
2.20790433883667
2.1036932468414307
2.159344434738159
2.132674217224121
2.1475460529327393
2.105264663696289
2.165905237197876
1.1094279289245605
1.0266683101654053
1.095747709274292
1.015852928161621
1.0519061088562012
0.9749288558959961
1.0478603839874268
1.0893826484680176
1.1011626720428467
1.021773338317871
1.0596213340759277
1.0942330360412598
1.0488064289093018
1.0805332660675049
1.0618374347686768
1.0223593711853027
1.0500621795654297
0.9776577949523926
1.0211091041564941
1.0247244834899902
1.0224504470825195
1.0541751384735107
1.257925033569336
1.1671783924102783
1.2732958793640137
1.1063494682312012
1.1705577373504639
1.0660505294799805
1.2973852157592773
1.270902395248413
1.2145378589630127
1.1698880195617676
1.150771141052246
1.1705355644226074
1.2095303535461426
1.2286319732666016
1.191312313079834
1.0068299770355225
1.0007891654968262
1.0368893146514893
0.9851007461547852
1.03879714012146
1.007228136062622
1.0226237773895264
1.0445942878723145
0.9570558071136475
0.9921905994415283
1.021791696548462
1.0063388347625732
1.012523889541626
1.0419762134552002
1.02968168258667
1.1396524906158447
1.2421197891235352
1.2577159404754639
1.1893832683563232
1.2328224182128906
1.1442043781280518
1.2114923000335693
1.127974271774292
1.0701868534088135
1.1419010162353516
1.1162834167480469
1.1470324993133545
1.1718218326568604
1.145047664642334
1.0817251205444336
1.0279531478881836
1.0330543518066406
1.045088291168213
1.111417531967163
1.0240116119384766
1.0537021160125732
1.0560171604156494
2.385061264038086
1.0754752159118652
1.1169617176055908
1.041611671447754
1.1220781803131104
1.1227917671203613
1.0804929733276367
1.1127665042877197
2.0950167179107666
2.0677900314331055
1.0966086387634277
1.0326826572418213
1.049222469329834
1.1108722686767578
1.0649807453155518
1.1409707069396973
1.0199623107910156
1.0873045921325684
2.1569020748138428
2.1286656856536865
2.2185652256011963
2.030452013015747
2.093390703201294
1.2713532447814941
1.0636482238769531
2.212800979614258
2.3164098262786865
2.2199881076812744
2.335615873336792
2.235494375228882
2.178206205368042
2.304537296295166
2.2760207653045654
2.1721036434173584
2.1160778999328613
2.2693490982055664
2.323242664337158
1.1867597103118896
1.176375150680542
2.1993167400360107
2.053971529006958
2.195737361907959
2.1325156688690186
2.311138391494751
2.273399591445923
2.2300028800964355
2.234027147293091
2.3346729278564453
2.208655834197998
2.269143581390381
