0.0011007076630194983
0.0003175031074523926
0.0014909997236066395
0.0010684466394901275
0.0006361565148591995
6.231356041431426e-05
9.226690661907197e-05
0.002663475438103309
0.00011259334251880646
0.0033155778557814085
0.0009298726551055909
0.0016159275912284853
0.0011095121651887893
0.0009853806056499483
0.0018340788897911707
0.0026565902549478744
0.0030285196451242157
0.0014300350706842211
0.002289137043571472
0.00033296332852840427
0.002620264880418778
0.0032652592018145785
0.003559956035205296
0.000582471219364802
0.001399900325536728
0.00011562973149163381
0.0013413881450970969
0.0001143554971729006
0.0007874309414522988
0.0012738521727641424
0.0026773973340749745
0.0015935044206312724
0.003219089019099871
0.00024371624433464474
0.0032846123508453373
0.0009835482368230819
0.00098321027953408
0.0003678013055562973
0.0015484762086470922
0.001838368221998215
