0.9420254230499268
1.0699481964111328
1.0240139961242676
0.9937272071838379
2.127211809158325
2.0963175296783447
1.0405237674713135
1.092024803161621
1.0414245128631592
1.0856587886810303
1.0549564361572266
1.0357880592346191
3.7626125812530518
1.0835139751434326
1.0065674781799316
1.0598933696746826
1.063373327255249
2.2626090049743652
1.091360092163086
1.0881984233856201
1.089721918106079
1.0703990459442139
1.0916154384613037
1.0472335815429688
1.0399327278137207
1.0749847888946533
1.0196897983551025
1.0652563571929932
1.0097174644470215
1.0585010051727295
1.1127374172210693
1.0624966621398926
1.050736427307129
0.9342362880706787
0.9223616123199463
1.081587791442871
1.0921874046325684
1.1862866878509521
1.1175134181976318
1.1705834865570068
1.11794114112854
1.1754345893859863
1.1308462619781494
1.1683149337768555
2.4066479206085205
2.343834400177002
2.252987861633301
2.350186824798584
0.9648101329803467
1.0973007678985596
1.1794443130493164
1.1978809833526611
1.201385259628296
1.1617710590362549
1.1594655513763428
1.1991024017333984
2.3269100189208984
2.2370240688323975
2.3281688690185547
2.1783947944641113
2.3248391151428223
2.320016384124756
1.0226469039916992
0.9415998458862305
1.044372797012329
2.0779190063476562
2.2526299953460693
1.0667493343353271
1.0264785289764404
1.0281445980072021
0.9923779964447021
2.058192491531372
2.0496926307678223
2.099022626876831
2.186521291732788
1.1097986698150635
1.0835719108581543
1.0786268711090088
1.0207626819610596
1.0560345649719238
1.036647081375122
1.0915448665618896
1.016465663909912
1.0139355659484863
1.07126784324646
1.0477640628814697
1.09785795211792
1.0509271621704102
1.0050787925720215
1.0710318088531494
1.0570225715637207
1.0427567958831787
1.0415301322937012
1.0773353576660156
1.0292716026306152
1.056689739227295
1.0114059448242188
2.133734941482544
2.060063123703003
2.143062114715576
2.1990606784820557
1.0103161334991455
1.0562772750854492
2.1188244819641113
2.0827796459198
2.1626014709472656
2.131422758102417
2.159961223602295
2.226897954940796
2.125340461730957
1.1584088802337646
1.1441309452056885
1.050666332244873
1.0799822807312012
1.2420988082885742
1.144000768661499
2.131664514541626
2.1516072750091553
2.255993604660034
2.185666084289551
2.2201297283172607
2.1362462043762207
2.379272937774658
1.0293927192687988
1.0789506435394287
1.045111894607544
1.0334861278533936
1.0613539218902588
1.0546033382415771
1.0546059608459473
2.1425256729125977
2.19706654548645
0.994279146194458
0.9816062450408936
1.016063928604126
1.0390965938568115
2.209857940673828
2.0495476722717285
2.084975481033325
2.094447374343872
2.1122169494628906
2.163607597351074
1.9973804950714111
1.0531649589538574
1.092118740081787
0.9921598434448242
2.086383819580078
2.0270848274230957
2.0923569202423096
2.1451423168182373
2.0853333473205566
2.0875167846679688
2.2001214027404785
1.144134283065796
1.250770092010498
1.183509349822998
1.2439794540405273
1.2059533596038818
1.1957447528839111
2.21531343460083
2.1679041385650635
2.254239797592163
2.2057127952575684
2.1642444133758545
2.2108983993530273
2.292515993118286
1.1350793838500977
1.101576566696167
1.1664414405822754
1.2465431690216064
1.2398440837860107
1.0679993629455566
2.28056001663208
2.169010877609253
2.1760590076446533
2.2250561714172363
2.0882368087768555
2.1456892490386963
2.242994785308838
2.2204575538635254
1.078333854675293
1.0299808979034424
1.0643181800842285
1.0218479633331299
1.0461878776550293
1.0822386741638184
1.0378055572509766
1.0051822662353516
1.0068490505218506
1.0669965744018555
1.0488195419311523
1.0195152759552002
1.0618817806243896
2.167339563369751
1.0554285049438477
1.0908427238464355
1.1007802486419678
1.1341993808746338
1.136348009109497
1.1409034729003906
1.07253098487854
1.1127252578735352
1.1706976890563965
1.0988688468933105
1.0437977313995361
1.0856716632843018
1.0065579414367676
1.014974594116211
0.9674351215362549
1.0278170108795166
1.0314271450042725
1.053515911102295
1.0700502395629883
1.0414981842041016
1.1074888706207275
1.0637526512145996
0.9996597766876221
1.0957655906677246
1.0414009094238281
1.0887627601623535
1.0431244373321533
1.069836139678955
1.0475637912750244
1.0380465984344482
2.226595401763916
2.2269997596740723
2.096791982650757
2.062490940093994
2.1554880142211914
2.137359142303467
1.0224275588989258
0.9950644969940186
1.0313172340393066
2.1193301677703857
2.1189024448394775
2.1264381408691406
2.1229052543640137
1.1820530891418457
1.224869728088379
1.2414391040802002
1.1826448440551758
1.1349270343780518
1.2839806079864502
1.1646757125854492
1.2042336463928223
1.1375434398651123
2.1510469913482666
2.3443806171417236
2.2007460594177246
2.2678375244140625
2.210533380508423
2.206221580505371
1.0293114185333252
1.1634769439697266
1.2328944206237793
1.098151445388794
1.233733892440796
1.1838548183441162
1.2209906578063965
1.2500457763671875
1.1960475444793701
1.2479734420776367
1.270073413848877
1.2677338123321533
1.1497457027435303
2.276813507080078
2.2337799072265625
2.230534791946411
2.2976224422454834
1.0841662883758545
0.9899892807006836
1.1237893104553223
1.0881519317626953
1.0427300930023193
0.996649980545044
1.100233554840088
1.0022950172424316
1.0955188274383545
1.0879459381103516
1.0529913902282715
1.0571866035461426
1.0556020736694336
1.05607008934021
1.0242276191711426
1.0621311664581299
1.0481631755828857
1.0743706226348877
1.0395374298095703
1.0377740859985352
1.1023240089416504
0.9996647834777832
1.0225839614868164
1.0657029151916504
1.0691635608673096
1.0502207279205322
1.0682415962219238
2.111721992492676
2.1210453510284424
1.0399439334869385
1.083134412765503
1.0202045440673828
1.036649227142334
1.0214221477508545
2.1086859703063965
2.2178103923797607
2.11190128326416
2.144563674926758
