18.14890432357788
9.702980518341064
29.643571615219116
27.14766550064087
18.320310354232788
3.7457802295684814
5.9112608432769775
36.933780908584595
9.355294466018677
32.7910213470459
15.358777523040771
23.935474395751953
27.920400142669678
23.31437087059021
26.631919384002686
26.629441738128662
38.24707627296448
26.427268505096436
29.43603777885437
3.763275146484375
29.597944498062134
38.5380277633667
40.66406965255737
20.083046913146973
22.35835075378418
10.388711929321289
21.458799839019775
10.217244386672974
21.127047061920166
22.293962240219116
23.917024850845337
21.288547039031982
43.89391565322876
14.420150995254517
36.86717677116394
24.21294903755188
28.348069429397583
10.799127578735352
23.811140298843384
26.875019073486328
