0.9791131019592285
2.226846218109131
2.3324270248413086
2.2284176349639893
2.176316976547241
2.1620965003967285
2.1739253997802734
2.1636760234832764
2.2665743827819824
2.200424909591675
2.190657615661621
2.2912395000457764
2.263899087905884
2.338345527648926
0.9014983177185059
1.1079423427581787
1.2309248447418213
1.1400978565216064
1.2521381378173828
1.0748634338378906
1.183427095413208
1.1613566875457764
1.0891387462615967
1.1698880195617676
1.2349886894226074
1.138930082321167
1.2129409313201904
1.1902625560760498
1.1506588459014893
1.0493848323822021
1.1029555797576904
0.9788172245025635
0.9819796085357666
0.9894542694091797
1.0654804706573486
1.0054478645324707
1.0652976036071777
2.2238707542419434
1.1762807369232178
1.1163444519042969
1.2755370140075684
1.218963384628296
1.1574831008911133
1.115386724472046
2.394073486328125
2.199662923812866
2.3309624195098877
2.3039350509643555
2.299656629562378
2.311372756958008
2.236266851425171
2.2347183227539062
1.1019587516784668
1.1147303581237793
2.195599317550659
2.123669147491455
2.3586997985839844
2.2443087100982666
2.1882400512695312
2.1336185932159424
2.2390029430389404
2.2558910846710205
2.2292003631591797
2.3229739665985107
2.14101243019104
1.0384654998779297
1.008718729019165
2.044761896133423
2.0456433296203613
2.141767978668213
2.3388254642486572
2.165163993835449
1.0657851696014404
1.05484938621521
1.030095100402832
1.0935931205749512
1.05717134475708
1.0404651165008545
1.077791452407837
1.0542898178100586
1.052403450012207
2.0705931186676025
2.1162495613098145
2.1617088317871094
0.938666820526123
1.0345048904418945
0.931588888168335
1.1014728546142578
1.043595314025879
1.0429325103759766
1.002472162246704
1.035454511642456
1.066636085510254
1.082467794418335
1.0533943176269531
1.0471644401550293
1.223130464553833
1.0996217727661133
1.1622157096862793
1.259382963180542
1.2557439804077148
1.2190351486206055
1.1560637950897217
1.1072874069213867
1.1338260173797607
1.135371208190918
1.1904702186584473
1.1178772449493408
1.203145980834961
1.2797701358795166
1.1874728202819824
1.3254528045654297
1.2774486541748047
1.2003669738769531
1.2531874179840088
1.2737772464752197
1.1883835792541504
1.2210571765899658
1.2658765316009521
1.1480047702789307
1.2257070541381836
1.278458833694458
1.2684791088104248
1.1739528179168701
1.2241663932800293
1.2298164367675781
1.2443852424621582
1.1419415473937988
1.1407175064086914
1.250110149383545
1.1962769031524658
1.1434688568115234
1.4016835689544678
2.168637275695801
2.1661272048950195
2.1851556301116943
2.1841046810150146
1.0468811988830566
0.9963345527648926
2.1762635707855225
2.080669641494751
2.2657835483551025
2.1016592979431152
1.061357021331787
1.0270466804504395
1.0330350399017334
0.9800219535827637
0.9854021072387695
2.0072336196899414
2.0345611572265625
