0.004165566358641216
0.003917156967968208
0.002436503556632996
0.0021285271737098697
0.0019734937521457673
0.0002394172380208969
0.0008077901931319918
0.001263694814570745
0.001199872818374634
0.002970090545161565
0.00159747857307366
0.003156203086996079
0.0037672873026370996
0.005738944859480858
0.0007316344309329986
0.0005242458583896811
0.00021202058143615724
0.0009979960631132127
0.00011123344366550445
0.00010971691844463349
0.0007264328929424286
6.532149012088776e-05
0.0010175498898029327
0.0013045350573062898
0.0016667690402609962
0.0009530167051792146
0.0016107222478151323
