1.1465861797332764
1.2818794250488281
1.2149381637573242
1.2749989032745361
2.36814546585083
2.351261854171753
2.3225467205047607
2.222019672393799
2.2695953845977783
2.162569284439087
2.2808241844177246
2.149209976196289
2.090822458267212
2.195152997970581
1.1412827968597412
1.1080093383789062
1.1204023361206055
2.2548959255218506
2.243293285369873
2.282745599746704
2.396141529083252
2.2440073490142822
2.2015039920806885
2.298537492752075
2.012993812561035
2.279627561569214
2.303926467895508
1.0049824714660645
2.1153295040130615
2.143649101257324
2.118361473083496
2.0324113368988037
2.1343626976013184
2.1148033142089844
2.137031078338623
1.0279629230499268
0.9862279891967773
2.1938729286193848
2.140240430831909
2.0829977989196777
2.169396162033081
2.181443452835083
2.2392215728759766
1.2315013408660889
1.224020004272461
1.2622220516204834
1.2405929565429688
1.1780130863189697
1.293156385421753
1.2718167304992676
1.1386237144470215
1.2647325992584229
1.1508543491363525
1.2473373413085938
1.1489253044128418
1.1347463130950928
1.1242868900299072
1.0494475364685059
1.0021140575408936
1.0790588855743408
1.0806798934936523
1.0175628662109375
1.0390307903289795
1.050635814666748
1.050100326538086
1.0561630725860596
1.1042907238006592
1.0466578006744385
1.0503902435302734
1.094872236251831
1.0290110111236572
1.0175144672393799
1.0514328479766846
1.039370059967041
1.0418028831481934
1.028369665145874
1.1002275943756104
1.081589937210083
1.103147029876709
1.0494818687438965
1.0764000415802002
1.2458198070526123
1.0438721179962158
1.0855565071105957
1.1964950561523438
1.1814768314361572
1.1750729084014893
1.025148630142212
1.1999247074127197
1.1489620208740234
1.2363739013671875
1.150794267654419
1.2616369724273682
1.2341880798339844
1.1734178066253662
2.2961618900299072
2.350839614868164
2.2877674102783203
2.351851463317871
1.0579371452331543
1.0679197311401367
1.0419042110443115
2.081796884536743
2.1623129844665527
2.0277585983276367
2.1255271434783936
1.0270533561706543
2.1971280574798584
2.0323550701141357
2.0292508602142334
2.183826208114624
2.19331693649292
2.180636405944824
2.0775840282440186
2.045069932937622
2.1754708290100098
1.2891929149627686
1.2592029571533203
1.2682170867919922
1.2174267768859863
1.2036657333374023
1.084184169769287
1.1964666843414307
2.291700601577759
2.215634346008301
2.311647415161133
2.414186716079712
2.161893844604492
2.187912940979004
2.3708560466766357
2.4306013584136963
2.330059289932251
2.3139255046844482
2.4274237155914307
2.2774252891540527
2.4181790351867676
2.354358196258545
2.183378219604492
2.2378835678100586
2.3305459022521973
2.281939744949341
2.085538148880005
2.2817111015319824
2.315997362136841
2.3351686000823975
2.2532501220703125
1.039534568786621
1.036308765411377
1.0543138980865479
1.0307762622833252
1.0600981712341309
1.0483293533325195
1.041111707687378
1.0231654644012451
1.0302939414978027
1.011354684829712
0.9806971549987793
1.0427489280700684
0.9443230628967285
1.0543923377990723
1.1670575141906738
1.025568962097168
1.0144975185394287
1.0451607704162598
1.0335700511932373
1.1126701831817627
1.098891258239746
0.9531571865081787
1.0282747745513916
1.0245590209960938
1.0237388610839844
1.0611140727996826
1.0556504726409912
1.0080771446228027
1.051649570465088
0.979332685470581
1.0495469570159912
1.0131516456604004
1.0311689376831055
1.089115858078003
1.0497727394104004
1.0413062572479248
1.07674241065979
1.1064200401306152
1.0793251991271973
1.059537649154663
1.0693423748016357
1.077620029449463
1.026517629623413
0.9960181713104248
1.0383498668670654
1.0693988800048828
1.1232352256774902
1.2287428379058838
1.2613985538482666
1.1957805156707764
1.115424633026123
1.2061495780944824
1.183300495147705
1.168745756149292
1.1639163494110107
1.1905250549316406
1.134678840637207
1.1483988761901855
1.1261096000671387
1.090524673461914
1.0917329788208008
1.1098251342773438
1.0827312469482422
1.0077931880950928
1.020246982574463
1.039703607559204
1.1040399074554443
1.1753628253936768
1.126107931137085
1.12451171875
1.0922691822052002
1.0587124824523926
1.0394115447998047
1.0670783519744873
1.1137211322784424
1.078486680984497
