41.575634241104126
38.584092140197754
23.89913558959961
24.30317497253418
41.24762773513794
15.097308874130249
19.959025382995605
23.322428941726685
24.358513593673706
42.86782956123352
20.914591789245605
29.439098596572876
44.0545859336853
44.37016415596008
26.787241458892822
21.347280502319336
15.6309232711792
22.88521456718445
11.38649296760559
18.633299589157104
17.13382649421692
3.7827553749084473
32.843181133270264
17.566999673843384
40.032413959503174
13.929253816604614
21.01508665084839
