1.007082462310791
0.9776608943939209
0.9696681499481201
1.0434703826904297
1.014275074005127
2.223170757293701
2.1174604892730713
2.2157087326049805
2.513434886932373
1.2260234355926514
1.1343896389007568
1.2230212688446045
1.1633920669555664
1.2768211364746094
1.2673859596252441
1.2189760208129883
2.300966739654541
2.1459596157073975
2.3796496391296387
2.3217623233795166
2.3367819786071777
2.166048049926758
2.3000330924987793
2.2919604778289795
1.1151020526885986
1.0224392414093018
1.0487725734710693
1.0461244583129883
1.0549094676971436
1.105529546737671
1.0079529285430908
1.0013866424560547
1.0720698833465576
2.0627591609954834
2.0440878868103027
2.014709234237671
0.9719240665435791
1.0286312103271484
1.0943632125854492
0.9794726371765137
1.0983989238739014
1.0371551513671875
1.0581936836242676
1.2145631313323975
1.2017097473144531
1.2789130210876465
1.254096269607544
1.2499191761016846
1.183406114578247
1.2409570217132568
1.183854341506958
1.1914849281311035
1.1738433837890625
1.2149403095245361
1.1833155155181885
1.2607109546661377
1.2893474102020264
1.1604127883911133
1.0625426769256592
1.0610435009002686
1.0378222465515137
1.0510048866271973
1.066260576248169
1.033492088317871
1.0995328426361084
1.1614487171173096
1.1401712894439697
1.1860918998718262
1.2038123607635498
1.2796802520751953
1.119152307510376
1.2756919860839844
1.1348299980163574
1.2198729515075684
2.3099493980407715
2.1650068759918213
2.195646286010742
2.220355272293091
1.0599868297576904
1.0542476177215576
1.0705368518829346
1.1379191875457764
1.0389699935913086
0.9967787265777588
2.1750497817993164
2.113081693649292
2.1479153633117676
1.8818869590759277
1.2284841537475586
1.2199559211730957
1.1739332675933838
1.1955320835113525
1.2233450412750244
1.134619951248169
2.297058582305908
2.080080270767212
2.240615129470825
2.125274419784546
2.232957363128662
2.2948520183563232
1.0807108879089355
1.0805823802947998
1.0690336227416992
1.0517675876617432
1.0648276805877686
2.1806976795196533
2.139531373977661
0.9764630794525146
0.9862453937530518
1.0517404079437256
1.0359749794006348
0.9919576644897461
1.0372564792633057
0.9758179187774658
2.141301155090332
2.142181158065796
2.252026319503784
1.0680022239685059
1.0556459426879883
1.0397908687591553
1.089585781097412
1.0857486724853516
1.0347390174865723
0.9813354015350342
1.0362296104431152
1.0437474250793457
1.0160918235778809
