[23]
[21, 10, 8, 13, 21, 24, 6, 7]
[12, 14, 5]
[3, 19, 17]
[19, 21, 7, 10, 21, 7, 20, 9]
[5, 20, 12, 8, 1, 22, 14, 2, 2, 16]
[22, 23, 5, 14, 15, 21, 5, 12, 3]
[22, 19, 2, 1, 17, 4, 17]
[19, 10, 23, 6, 16, 12, 12]
[0]
[16, 14, 18, 13, 19]
[18, 22, 18]
[7, 22, 3, 3, 1]
[13, 3, 7, 7, 24, 19, 16, 0, 5]
[9, 17, 1, 10, 19, 19, 9, 1, 5, 19, 21, 21, 12, 15]
[22, 3, 12, 3, 11, 18]
[3, 14, 5, 8, 2, 13, 19, 23, 17, 5, 7, 5, 6, 15, 14]
[18, 16, 3, 0, 22, 0, 24, 16, 5]
[13, 8, 0, 2, 9, 20, 8, 0, 11]
[22, 18, 18]
[4, 19, 2, 15, 16, 4, 15]
[19, 10]
[17, 19, 7, 0, 10]
[18, 14, 18, 23, 23, 22]
[20, 23, 21]
[15, 9, 11, 14, 16, 0, 9]
[3, 19, 16, 3, 13, 24, 8]
[14, 0, 7, 12, 15, 17, 3, 7, 23]
[9, 2, 19, 8, 16, 0, 4, 21]
[19, 12, 5, 23, 22, 20, 2]
[18, 24, 16, 6, 23, 6, 24, 1, 14, 0, 18, 12, 24]
[20, 24, 21, 1, 13, 16, 20, 23, 8]
[16]
[2, 24, 11, 20, 15, 18, 7, 16]
[6, 8, 16]
[8]
[20]
[22, 21, 6, 7, 3, 20, 16, 9, 21]
[20, 1, 20, 2, 20, 16, 2, 16, 19]
