0.00013091794896125794
0.0012036759767770767
0.0003627153461694718
0.00034018227050985607
0.0012132316551208499
0.0013879343293190002
0.0011335313667132304
0.000917710659466471
0.001003422611117363
9.562552058696748e-05
0.000651674332356453
0.0009007689878225327
0.0006556115376234055
0.0017206425762732822
0.0038089113964830125
0.0008568051127910614
0.003878559092768034
0.002274862048694823
0.0028501587400727806
0.0005260376578807831
0.0007488162899494171
0.00023031227602958682
0.0006590431221723556
0.0006677765697411128
0.0003446508744001389
0.0010917602241754532
0.0008863269199030741
0.0011914697712531457
0.0011806892674684525
0.0017780080275229047
0.0038895219051911286
0.0012757937578545676
0.00011478081659589494
0.0012015951918125155
0.0003630524272441864
6.222259800434112e-05
0.0001022444726228714
0.001289892024620374
0.0011034182735681535
