1.121833324432373
1.065504550933838
1.1028096675872803
1.0594656467437744
1.0284137725830078
1.0325934886932373
1.0981900691986084
1.0661282539367676
1.0414321422576904
1.0608398914337158
1.0041263103485107
1.0431344509124756
1.081066370010376
0.9992794990539551
1.0247211456298828
1.0754268169403076
1.0838065147399902
1.0741419792175293
1.0492017269134521
1.075805425643921
1.0888381004333496
1.0521488189697266
1.0626041889190674
1.1235949993133545
1.1100635528564453
1.0439229011535645
1.137524127960205
1.0332772731781006
1.189436674118042
1.0448145866394043
1.0891611576080322
1.0880000591278076
1.094698190689087
1.0423328876495361
1.0778250694274902
1.031827449798584
1.0385065078735352
1.0331296920776367
1.0446743965148926
1.0683729648590088
1.0630359649658203
1.0035927295684814
1.1283900737762451
1.0671370029449463
1.088752031326294
1.053225040435791
1.0216038227081299
0.9986181259155273
1.0525572299957275
1.1045317649841309
0.9939231872558594
1.0989041328430176
1.0031030178070068
0.9824659824371338
1.0412538051605225
1.0402283668518066
1.0428082942962646
1.0484874248504639
1.0078303813934326
1.0481312274932861
1.013334035873413
1.025660753250122
1.0385181903839111
2.1852002143859863
2.1798148155212402
1.0440027713775635
1.010556936264038
1.0154070854187012
0.9970684051513672
2.0774028301239014
1.07688570022583
1.059943675994873
1.129134178161621
1.0381803512573242
1.047926664352417
1.0519769191741943
2.085876703262329
2.200174570083618
2.2114951610565186
1.1039540767669678
1.123142957687378
1.1573185920715332
1.1895065307617188
1.2145183086395264
2.2602007389068604
2.314690589904785
2.3554422855377197
2.377958059310913
2.21451473236084
2.231900691986084
2.246997117996216
2.1920158863067627
2.2371134757995605
1.0731356143951416
1.032334804534912
1.0074570178985596
0.985802173614502
1.0650229454040527
2.1781935691833496
1.2780025005340576
1.1175577640533447
1.2284412384033203
1.064589023590088
1.1419050693511963
1.0811784267425537
2.27593994140625
2.2005720138549805
2.1772656440734863
2.3455135822296143
2.4013290405273438
2.355628490447998
2.32222318649292
2.331631660461426
2.3756213188171387
1.0384509563446045
1.0463452339172363
1.0416638851165771
2.1525321006774902
2.0716559886932373
2.1370673179626465
2.000889301300049
2.1203434467315674
2.136463165283203
1.0619075298309326
2.1080894470214844
2.1777212619781494
2.11165189743042
2.2330143451690674
2.1246743202209473
2.149921417236328
2.219416856765747
2.132126569747925
1.054314374923706
0.9541475772857666
1.9358344078063965
1.0386152267456055
1.021122932434082
1.0671746730804443
1.032938003540039
1.0182416439056396
1.0108561515808105
0.9973881244659424
1.0572304725646973
1.1012725830078125
1.0568251609802246
1.0385680198669434
1.0431938171386719
1.0493292808532715
1.0136868953704834
0.998173713684082
1.064312219619751
1.0519657135009766
1.0103042125701904
0.9972968101501465
0.9731826782226562
1.0144052505493164
1.0536279678344727
1.0328943729400635
1.027299404144287
1.0128860473632812
1.0290148258209229
1.0268394947052002
1.0312108993530273
1.0112664699554443
1.024592399597168
1.0478203296661377
0.9784770011901855
1.0524539947509766
1.028860330581665
1.0155029296875
1.0212438106536865
1.0125091075897217
1.1000983715057373
1.0642602443695068
1.1504161357879639
1.173959493637085
1.083360195159912
1.0768184661865234
1.0606584548950195
1.0572216510772705
1.1171371936798096
1.0600488185882568
1.0514063835144043
1.0248486995697021
1.0784132480621338
1.0192654132843018
1.0507051944732666
1.0273644924163818
1.0202643871307373
1.0734567642211914
0.9603447914123535
2.1602039337158203
2.140669345855713
2.200054883956909
2.197049617767334
2.1403441429138184
1.1633176803588867
1.0506007671356201
1.146428108215332
2.3660895824432373
2.130727529525757
2.279482364654541
2.1918890476226807
2.2594516277313232
2.254453182220459
2.1215455532073975
2.199572801589966
2.2686867713928223
2.2724902629852295
1.0738661289215088
1.057077407836914
1.0612692832946777
1.0058231353759766
1.0119869709014893
1.0183210372924805
1.0150432586669922
1.0124194622039795
2.179659843444824
1.0476799011230469
1.0564775466918945
1.0769610404968262
1.0928936004638672
1.0651278495788574
1.044433355331421
1.0746114253997803
1.0411055088043213
1.028242826461792
1.0024738311767578
1.0368921756744385
1.0716230869293213
0.9328725337982178
1.022104024887085
1.118086338043213
1.0789167881011963
1.0956065654754639
1.074005126953125
1.0487525463104248
1.0600788593292236
1.1033942699432373
1.0928685665130615
1.000063180923462
1.0432698726654053
1.03269624710083
1.0789539813995361
1.0078322887420654
1.053185224533081
1.0827040672302246
1.0722596645355225
1.0298891067504883
1.0543789863586426
