9.568329095840454
18.415427923202515
15.085308313369751
13.61873459815979
18.57301664352417
26.358726263046265
30.655564069747925
19.601431846618652
16.683507442474365
7.162336349487305
13.217697858810425
8.588114976882935
15.227657318115234
26.746304273605347
41.13077139854431
18.159064054489136
44.12537217140198
26.583024740219116
27.00083613395691
9.560195446014404
22.082924842834473
9.990358591079712
12.08799695968628
20.974573135375977
16.024476766586304
14.685285091400146
18.558508157730103
30.641329526901245
19.430765628814697
21.284270763397217
38.40440106391907
26.765501976013184
10.102513313293457
18.512175798416138
12.741229057312012
4.767092704772949
8.893219232559204
22.47410750389099
29.803006410598755
