1.2101986408233643
1.12520170211792
1.1754326820373535
1.0289154052734375
2.130082845687866
2.4331367015838623
2.1367359161376953
2.2229137420654297
2.070800542831421
2.2928357124328613
2.163252353668213
2.4158945083618164
2.1389284133911133
1.0803072452545166
1.088712215423584
1.0012540817260742
1.0458629131317139
1.0212492942810059
1.0442328453063965
1.0996596813201904
1.0753238201141357
1.063525676727295
1.0869410037994385
1.005192756652832
1.0884637832641602
1.121455192565918
1.0440185070037842
1.1273398399353027
1.113903284072876
1.09592604637146
1.088395357131958
1.0295939445495605
1.0351171493530273
1.062648057937622
1.0815365314483643
1.0939152240753174
1.082249402999878
1.051915168762207
1.0865259170532227
1.0046560764312744
1.0725643634796143
1.0559251308441162
2.117097854614258
0.9690101146697998
1.0108606815338135
1.011432409286499
0.9845399856567383
2.08732533454895
1.0274243354797363
1.1138644218444824
1.0767455101013184
2.1462206840515137
2.1332788467407227
2.3225255012512207
2.084118127822876
2.234665632247925
2.1895148754119873
2.1865313053131104
1.2011916637420654
1.2514533996582031
1.147399663925171
1.291715145111084
1.1845579147338867
1.2251980304718018
2.209383010864258
2.0197482109069824
2.429872989654541
2.26432204246521
2.2937262058258057
2.2355217933654785
2.3588955402374268
2.262089490890503
2.222062587738037
1.0765328407287598
1.0468082427978516
1.0497353076934814
1.0635583400726318
1.0631434917449951
1.0747547149658203
1.0926239490509033
1.0527229309082031
1.064206600189209
1.0883162021636963
1.0230786800384521
1.0736539363861084
1.0223126411437988
1.0382740497589111
1.0558841228485107
1.0699794292449951
1.0964744091033936
1.0170269012451172
1.0207319259643555
1.0260543823242188
0.982252836227417
1.0967321395874023
2.1407604217529297
2.1513166427612305
1.041799545288086
1.0222289562225342
1.0146431922912598
1.0078437328338623
2.104586601257324
0.9423511028289795
1.1715238094329834
0.9690713882446289
1.0063621997833252
1.0607202053070068
1.2073187828063965
1.0319626331329346
1.009244680404663
2.0759997367858887
2.2251639366149902
2.135188102722168
1.2847621440887451
1.2119812965393066
2.133622646331787
2.1474149227142334
2.1867289543151855
2.3073692321777344
2.1212589740753174
2.1409308910369873
2.1371216773986816
2.1030876636505127
2.251244068145752
2.3515779972076416
2.2602434158325195
2.4184722900390625
1.0733299255371094
1.0721104145050049
1.0357320308685303
1.030879259109497
1.0647921562194824
2.2105562686920166
2.151217222213745
2.0823795795440674
