0.004685420585250856
0.00030114550391038256
0.002172069117307663
0.0050700622761805855
0.0012706007800632054
0.003096555295794351
0.0011706338323831558
0.003387211079313205
0.0023048346744987697
0.00010586607471612784
0.00017281824941635133
0.0007952203494514737
0.0012760047722975413
0.0007958377694553798
0.001041785288111369
0.0012962198047478993
0.001194576627529992
0.00011473009986877442
0.00033078398141860965
0.00040384979916413625
0.0020885393573357508
0.000940136988136985
0.0015395075894355775
0.0016349451602697374
0.00033774696192741396
0.00010328419392108918
