1.1056854724884033
1.1568429470062256
1.202312707901001
2.222130060195923
2.211374044418335
2.4100089073181152
2.236741781234741
2.1210670471191406
2.320713996887207
2.2289974689483643
2.228435516357422
2.2818024158477783
2.212834119796753
2.2565224170684814
2.35498046875
0.9968171119689941
0.9863636493682861
1.027270793914795
0.9858508110046387
1.0412771701812744
1.1357834339141846
1.0748322010040283
1.0368359088897705
2.095212936401367
2.1670053005218506
2.0176851749420166
2.1387863159179688
2.1960439682006836
1.221498727798462
1.141465425491333
2.2170567512512207
2.191909074783325
2.405202865600586
2.12353777885437
2.154879570007324
2.3371810913085938
2.291048526763916
2.233807325363159
2.300478935241699
2.368516445159912
2.251826286315918
2.2143990993499756
2.2284810543060303
1.018143653869629
1.0387439727783203
1.0247578620910645
1.0034904479980469
1.040766954421997
1.0250403881072998
1.02738618850708
1.0619215965270996
2.1527390480041504
1.3813297748565674
1.2639555931091309
1.1710786819458008
1.1825916767120361
1.2769646644592285
1.1295149326324463
1.1041131019592285
1.180177927017212
2.251361608505249
2.2614102363586426
2.289492607116699
2.295837640762329
2.479457378387451
2.3731188774108887
1.0051686763763428
1.0039429664611816
1.0445122718811035
1.077747106552124
1.0561530590057373
2.112172842025757
2.1528775691986084
1.2670679092407227
1.144500970840454
1.0917978286743164
1.1472771167755127
1.152930736541748
2.3250696659088135
2.2222323417663574
2.2004029750823975
2.181857109069824
2.2213387489318848
2.3219170570373535
2.11159610748291
2.19604229927063
1.034674882888794
1.0486388206481934
1.1039271354675293
2.087592601776123
2.1150262355804443
2.1325173377990723
2.050581216812134
2.2444865703582764
2.1354215145111084
1.006699562072754
1.0367021560668945
1.0284452438354492
0.964409589767456
1.062711238861084
1.0231263637542725
1.08125901222229
1.047403335571289
1.0511436462402344
1.1988744735717773
1.0759234428405762
1.198063611984253
1.222834825515747
1.2315752506256104
1.083949327468872
1.2139997482299805
1.2398223876953125
1.165377140045166
1.060204267501831
0.9721882343292236
1.037151575088501
1.0299913883209229
1.024233102798462
1.0143816471099854
1.0222415924072266
1.1093871593475342
1.062483310699463
1.1255519390106201
1.0367512702941895
1.0001726150512695
1.042130470275879
1.0649311542510986
1.1197164058685303
1.0523972511291504
1.083707332611084
1.0729947090148926
1.073697566986084
1.0611579418182373
1.1053316593170166
1.0472209453582764
1.0954442024230957
1.051527500152588
1.1281368732452393
1.096200704574585
1.1506927013397217
1.08465576171875
1.0724155902862549
1.0699412822723389
1.104947566986084
1.082592248916626
1.0557799339294434
1.0539181232452393
0.9831199645996094
1.0554583072662354
1.0227923393249512
1.0218803882598877
1.0463683605194092
1.0118229389190674
0.9699251651763916
1.1145319938659668
1.137974739074707
1.188774585723877
1.1426281929016113
1.1886603832244873
1.1921753883361816
1.198113203048706
1.1952579021453857
1.2240874767303467
1.2442309856414795
1.2617015838623047
1.1793184280395508
1.097273588180542
1.0084764957427979
1.0795042514801025
1.18599534034729
1.140183687210083
1.083500862121582
1.1358649730682373
1.1204721927642822
1.133439064025879
1.092360496520996
1.1402018070220947
1.0701305866241455
1.1881978511810303
1.149153470993042
1.1175408363342285
1.1783528327941895
1.119161605834961
1.073404312133789
1.1660773754119873
1.1252784729003906
1.0683197975158691
1.080113172531128
1.2217779159545898
1.2131271362304688
1.071847677230835
1.0347139835357666
1.0776591300964355
1.0859057903289795
1.0408730506896973
1.0403640270233154
1.0841515064239502
0.9679868221282959
