0.00033754593619505564
0.0012738687708457313
0.0018534822627226512
0.003491251916421377
0.0003309667891740799
0.0003062190696716308
0.0012825217132647834
0.0011800152784109115
0.00028599804148674013
0.001785418371677399
0.005637079901647568
0.00032195154926776886
0.00010732709012031556
0.00011049851510524749
0.0011975665414995617
0.0004058304399728775
0.0009232947289534977
0.0009979816487891333
0.0023127832131147386
0.0028062433893442157
0.0016930614614248276
0.0007570827388416637
0.0014018302181879679
0.0003330965884447098
0.0016284241511106492
0.0010198926952203115
0.0017934443316062292
0.0011900324787855149
0.0020698364285945893
0.002371632083272934
0.0015528683686653773
0.00010089037478310721
0.0009982168447299437
