1.0228705406188965
0.9951961040496826
1.0189356803894043
1.0403738021850586
1.0636506080627441
1.0947329998016357
1.0549652576446533
1.0670864582061768
0.9951040744781494
1.066636562347412
1.0718426704406738
1.0972354412078857
1.1027095317840576
1.0972895622253418
1.085425853729248
1.0513148307800293
1.0609662532806396
1.027489185333252
2.1153531074523926
2.080660104751587
2.2076313495635986
1.1682713031768799
1.2104835510253906
1.20884370803833
1.1064274311065674
1.1974632740020752
2.4389076232910156
2.2291224002838135
2.3277177810668945
2.2566826343536377
2.280095100402832
2.2830822467803955
2.337114095687866
2.264221668243408
1.009917974472046
0.9919240474700928
0.9759657382965088
1.0260133743286133
0.9517290592193604
0.9610202312469482
1.0627639293670654
1.067505121231079
1.0817346572875977
1.0709948539733887
1.0830984115600586
1.0900063514709473
1.0349769592285156
1.090712070465088
1.0347163677215576
1.0730042457580566
1.0024981498718262
1.0181529521942139
1.0372021198272705
1.0549139976501465
1.0414938926696777
1.052124261856079
1.048170566558838
1.0807881355285645
1.0162816047668457
1.0217747688293457
1.0664787292480469
1.0216882228851318
2.181455612182617
2.170046806335449
2.1155214309692383
2.155177354812622
2.464475631713867
2.193610429763794
2.1688754558563232
2.2800447940826416
2.2629384994506836
2.1399641036987305
2.2739245891571045
2.2710916996002197
2.2488133907318115
2.331683397293091
2.2019693851470947
2.3440325260162354
2.2837395668029785
2.17549729347229
2.175055503845215
1.0563323497772217
1.1192042827606201
1.0429060459136963
1.030010461807251
0.94685959815979
1.0977513790130615
1.0844752788543701
1.1578106880187988
1.0704448223114014
1.0836646556854248
1.038553237915039
1.033263921737671
1.037599802017212
1.1920363903045654
1.0400073528289795
1.009885549545288
0.9930746555328369
1.064232349395752
1.0893843173980713
1.033611536026001
1.0938477516174316
1.079793930053711
1.0655906200408936
1.0289127826690674
1.0224018096923828
1.0043556690216064
1.0372180938720703
0.9894223213195801
1.0660371780395508
1.0398778915405273
1.065706729888916
1.0512909889221191
2.0996057987213135
2.053088426589966
2.2514936923980713
2.147611141204834
2.124569892883301
2.1462645530700684
0.9923632144927979
1.24003267288208
1.037503719329834
2.1198291778564453
2.282768726348877
2.823899269104004
2.136624813079834
2.1450040340423584
2.101809501647949
2.2492949962615967
1.041933536529541
0.9719817638397217
1.124699354171753
1.062424659729004
1.0008888244628906
1.0756375789642334
2.0961191654205322
2.2136080265045166
2.107494354248047
1.0680840015411377
1.117818832397461
1.0510122776031494
1.0612406730651855
1.0069806575775146
1.0412676334381104
0.9993753433227539
1.0370502471923828
1.0844860076904297
1.0611240863800049
1.037696123123169
1.0060570240020752
1.0332272052764893
1.0279362201690674
1.0511236190795898
2.172398328781128
1.0613646507263184
1.0083646774291992
1.0520756244659424
1.0442230701446533
1.1051335334777832
0.9991123676300049
1.0105464458465576
1.0008089542388916
2.1252174377441406
2.012024164199829
2.19498872756958
1.1048009395599365
1.014636516571045
1.0594189167022705
1.0579414367675781
1.0361618995666504
1.0607218742370605
1.11012601852417
1.0529379844665527
1.216418981552124
1.1222946643829346
1.153331995010376
1.2450716495513916
1.1805942058563232
1.1238048076629639
1.0881133079528809
1.1741716861724854
1.2069091796875
1.1056146621704102
1.0476257801055908
1.081009864807129
1.196258306503296
1.0653095245361328
1.0079045295715332
1.0602285861968994
1.0432510375976562
1.066495418548584
1.0550591945648193
1.0568864345550537
1.0431184768676758
1.0689551830291748
1.031494140625
1.0305538177490234
1.0710117816925049
1.1220300197601318
1.099717617034912
1.0509552955627441
2.1804842948913574
2.1722300052642822
2.2818822860717773
1.0683717727661133
1.2550764083862305
2.158689260482788
2.071692705154419
2.2508997917175293
2.1180126667022705
2.2432467937469482
2.2142446041107178
0.9798619747161865
1.0672698020935059
1.0766451358795166
1.0593688488006592
1.0454843044281006
1.089331865310669
2.074753999710083
2.13232684135437
2.1767797470092773
0.9208927154541016
1.1503267288208008
1.0532703399658203
1.0472147464752197
1.0868971347808838
1.1233134269714355
1.0474538803100586
1.0987498760223389
1.0309958457946777
1.0472197532653809
