15.941096067428589
23.628443002700806
23.684821844100952
38.42234802246094
16.101792573928833
14.724300622940063
21.630339860916138
18.591224670410156
10.670065879821777
16.080360889434814
43.982704401016235
9.691656827926636
11.611891269683838
9.187262058258057
23.94424033164978
7.572071552276611
17.70309352874756
17.855666160583496
20.112792015075684
30.609684705734253
27.078492164611816
24.929311275482178
22.51763606071472
11.780198574066162
21.919711112976074
31.419798374176025
40.31316328048706
19.58267569541931
24.58877182006836
24.338215112686157
26.47620725631714
10.2375009059906
29.316718339920044
