[4, 23, 10, 12, 19, 21, 9, 5, 8, 2, 9, 8, 3]
[19, 14, 13, 14, 17, 24, 18]
[17, 14, 13, 23, 24, 16, 11, 9, 9, 15, 9, 2, 0]
[7]
[21, 24, 7, 16, 6, 17, 6]
[2]
[4, 21, 17]
[4, 14, 24, 13, 8, 8, 15, 5, 16]
[10, 7, 2]
[14, 1, 6, 8, 13, 16, 4, 3]
[8]
[3, 2, 15, 4, 6, 5, 17, 0, 8]
[10, 4, 18, 15, 22, 13, 9, 11, 23, 3, 14, 9, 17, 11, 14]
[12, 17, 9]
[15, 11, 17]
[7, 17, 20, 1, 11, 9, 18, 18, 17]
[4]
[19, 4, 1]
[6, 18, 8, 6, 18, 9, 19, 24, 19]
[22, 23, 4]
[13, 23, 9, 9, 9, 12, 9]
[8, 9, 11, 11, 22]
[21, 7, 5, 14, 14]
[13, 16, 20, 24, 2, 12, 8, 24, 14, 2, 13, 20, 4]
[7, 12, 12, 12, 18, 23]
[5, 17, 22, 13, 15, 22, 11, 4, 1]
[17, 8, 9, 11, 13, 9, 17, 4, 5, 12]
[9, 22, 4, 13, 22, 23, 0, 1, 20]
[2, 17, 18, 10, 18, 2, 6, 9]
[5, 1, 23]
[6, 2, 3, 13, 5, 3, 1]
[4]
[11]
[24, 0, 5]
[15, 16, 0, 15, 22]
[20, 24, 2, 15, 14, 22, 19]
