0.0023873693760009915
0.001603374891941888
0.0015724781350245844
0.00011641984570026398
0.0008203087362323488
0.00011508187172412873
0.00034392679493427275
0.001152099943391482
0.00035632744417190556
0.0009101472828149796
0.00010898377267633166
0.0012084270847505995
0.0027615179759422942
0.0003473561499084745
0.0003006201642513275
0.0014115346243513955
9.004973332881928e-05
0.00030802018640836075
0.00115397757632549
0.0003808777419090271
0.000800118588399887
0.0007491301123380662
0.0005535886477708817
0.0023212242369560097
0.0008279993700822194
0.0019662949127912522
0.003184541539335251
0.0012763469576676687
0.000881779318189621
0.0003248535042524338
0.0008347569961362415
0.00010596885820229848
8.670542323589325e-05
0.000366313724899292
0.0007706589629888536
0.001013155688381195
