1.1841602325439453
1.1442575454711914
1.2424347400665283
1.2005248069763184
1.1557097434997559
1.0607233047485352
1.2447869777679443
1.2414991855621338
1.1918010711669922
1.1490504741668701
2.3212013244628906
2.179232120513916
2.3012592792510986
1.0232412815093994
1.0481162071228027
1.0289783477783203
2.21201491355896
2.0806167125701904
2.0798513889312744
2.1350250244140625
1.158567190170288
1.1672613620758057
1.1388335227966309
1.1175050735473633
1.0785977840423584
1.248093843460083
1.1436541080474854
1.1527583599090576
1.1156270503997803
1.182640790939331
1.1851069927215576
1.1524512767791748
1.1118803024291992
0.9975993633270264
1.0695674419403076
1.1078405380249023
1.057436227798462
1.0887913703918457
1.0747170448303223
1.0023510456085205
1.0867929458618164
0.9861342906951904
1.1170926094055176
0.9897923469543457
1.0323607921600342
1.0443599224090576
1.0486040115356445
1.0866336822509766
1.0570101737976074
1.128272533416748
1.0474135875701904
1.0981624126434326
1.0638458728790283
1.023864507675171
0.9966251850128174
1.0445327758789062
1.012204885482788
1.0023977756500244
1.1673896312713623
1.0337905883789062
1.0373988151550293
1.0925438404083252
1.083289384841919
0.9899938106536865
1.1231613159179688
0.9947664737701416
1.0891046524047852
1.076181173324585
1.0648446083068848
1.166593313217163
1.0779609680175781
1.0644922256469727
1.0288586616516113
1.2043163776397705
1.1120829582214355
1.1244263648986816
1.063889980316162
1.28067946434021
1.2855937480926514
1.23173189163208
1.2435379028320312
1.167290210723877
1.254932165145874
1.203873634338379
1.1865835189819336
1.1900813579559326
1.2143974304199219
1.2558526992797852
1.210444688796997
1.0926704406738281
1.05222749710083
1.0612773895263672
1.0570428371429443
1.0316038131713867
0.9753756523132324
0.9982204437255859
1.130842685699463
1.0928075313568115
1.0620734691619873
1.1018133163452148
1.0324501991271973
1.0716257095336914
1.0704364776611328
1.103438377380371
1.1044204235076904
0.9001972675323486
1.0527589321136475
1.0039873123168945
1.0224292278289795
1.0569138526916504
1.0300393104553223
1.0621273517608643
1.07155442237854
1.1260201930999756
1.0360257625579834
1.1061620712280273
1.0057501792907715
1.078317642211914
1.065492868423462
1.091550588607788
1.1066904067993164
1.027794599533081
1.0820157527923584
1.0493903160095215
1.0601003170013428
1.0561747550964355
1.0420658588409424
0.9856662750244141
1.0095045566558838
0.9793360233306885
1.0237441062927246
1.0614614486694336
1.0324985980987549
1.058086633682251
0.9872469902038574
1.032611608505249
1.039217472076416
1.0711095333099365
1.0761699676513672
1.248349905014038
1.2226717472076416
1.1898252964019775
1.1467325687408447
1.1796553134918213
1.1026222705841064
1.1967616081237793
1.1967501640319824
1.2555251121520996
1.209348201751709
1.0762698650360107
1.2396235466003418
1.0438101291656494
0.9971640110015869
1.0518510341644287
1.0834124088287354
1.0159087181091309
1.0162968635559082
1.0855581760406494
1.0262799263000488
1.031458854675293
1.0315258502960205
1.0542736053466797
1.144470453262329
1.02467942237854
2.3129401206970215
2.084223985671997
1.0728542804718018
2.159923791885376
2.2413136959075928
2.1791486740112305
2.1339333057403564
2.0892670154571533
2.082211971282959
2.148984432220459
2.142888307571411
2.0720114707946777
0.9983694553375244
1.0707592964172363
1.0702402591705322
1.009338617324829
1.0158188343048096
0.9869589805603027
1.0249176025390625
1.038130760192871
2.2254576683044434
1.0083441734313965
1.0652930736541748
1.059830665588379
1.0638413429260254
1.1047050952911377
1.0993037223815918
1.0671043395996094
0.9939510822296143
1.0587451457977295
0.99745774269104
0.9883472919464111
1.0656235218048096
1.2379395961761475
1.0416512489318848
1.0871851444244385
0.9911210536956787
1.0528109073638916
1.0342283248901367
1.059335470199585
0.9455335140228271
1.0619637966156006
1.0014598369598389
1.0755114555358887
1.0653712749481201
1.1010723114013672
1.0837666988372803
1.023768424987793
0.9793202877044678
1.0714240074157715
1.0531601905822754
1.0320854187011719
1.0269761085510254
1.052337884902954
1.053429365158081
1.0454611778259277
