38.52967977523804
21.028257608413696
38.35355353355408
9.337436437606812
20.14704966545105
6.867157459259033
14.208107948303223
33.365602254867554
14.749672651290894
26.0766122341156
10.252031326293945
24.582522869110107
31.436460971832275
13.870606422424316
8.51755952835083
20.241976022720337
6.188229560852051
9.656461715698242
31.041966915130615
13.050185203552246
19.973005533218384
12.706722974777222
14.977819442749023
28.96518611907959
16.040632724761963
19.347254276275635
29.74954915046692
26.81016492843628
23.629651308059692
11.674229383468628
23.187958240509033
6.058091163635254
7.1439759731292725
10.817665338516235
12.083812713623047
17.6995747089386
