0.004828615639948845
0.0023564915536059276
0.00042961963454087574
0.0028801139371803833
0.003788757528453607
0.00028085525555610654
0.00019512618944644928
0.0011793144566365652
0.0005598583320617676
0.0011554942027515835
0.0027955657770542
0.0002438232201576233
0.0024866396807670596
0.0003451504051738315
0.0028442354606526238
0.0014826080918312074
0.0005722032754557473
0.0005505992546081543
6.640198678970337e-05
0.0008424355992396672
0.0005372070347547532
0.0002531976076126099
0.00033861501688957216
