2.3146510124206543
2.159785509109497
2.1692616939544678
2.192141532897949
2.2233340740203857
2.216717481613159
2.290138006210327
2.2574410438537598
2.151876211166382
2.24696946144104
2.3025009632110596
2.142258405685425
2.298825263977051
1.0827662944793701
1.0474586486816406
1.0655734539031982
2.113576650619507
2.1394248008728027
2.1822922229766846
2.264096736907959
2.2151432037353516
2.2000763416290283
1.0373766422271729
1.0510046482086182
2.206383466720581
1.069549798965454
1.22584867477417
1.1621954441070557
1.2165613174438477
1.202481985092163
1.1565539836883545
1.2068228721618652
1.1602342128753662
1.2041826248168945
2.33910870552063
2.1880784034729004
2.287187337875366
2.3295485973358154
2.2396464347839355
1.1834535598754883
1.0944037437438965
1.093907356262207
2.1443309783935547
2.0419363975524902
2.082529067993164
2.2175378799438477
2.2524118423461914
2.2047488689422607
2.15860652923584
2.1926190853118896
2.2156944274902344
2.156632661819458
1.0519449710845947
0.9846291542053223
1.0261876583099365
1.1025745868682861
1.0253009796142578
1.03684663772583
1.0721814632415771
1.111131191253662
1.066634178161621
1.0535619258880615
1.0295710563659668
2.1678760051727295
1.0505812168121338
1.0409190654754639
1.0390877723693848
1.0691769123077393
1.047267198562622
1.045666217803955
1.0727546215057373
1.0291986465454102
1.0375752449035645
1.0017848014831543
1.007727861404419
1.0144758224487305
1.0088963508605957
2.1782493591308594
1.1998870372772217
1.1562509536743164
1.2011666297912598
1.1413581371307373
1.2184102535247803
1.111158847808838
1.1798324584960938
1.215564250946045
2.2067437171936035
2.203305244445801
2.187673568725586
2.2654197216033936
2.2793290615081787
1.0990674495697021
0.9902489185333252
1.0331928730010986
1.0083591938018799
1.0191600322723389
1.0594346523284912
2.2973310947418213
2.2104175090789795
2.0503149032592773
2.038336753845215
2.1059718132019043
2.127990245819092
1.0668261051177979
1.0295779705047607
1.0090179443359375
1.1516270637512207
1.0242400169372559
1.2324237823486328
1.2322509288787842
1.0527958869934082
1.187556505203247
1.1095998287200928
1.2453346252441406
1.1660234928131104
1.2002484798431396
1.1774423122406006
2.3794140815734863
2.2432050704956055
2.176604986190796
1.0517189502716064
1.041992425918579
1.0549588203430176
1.062103509902954
0.9667079448699951
2.0516324043273926
2.093719244003296
2.152461528778076
1.0689520835876465
1.0246856212615967
1.0622098445892334
1.0596280097961426
1.007399559020996
1.0503671169281006
1.0366168022155762
1.0003232955932617
1.0487897396087646
1.0241584777832031
0.9955320358276367
1.069328784942627
1.0621373653411865
1.0625243186950684
1.040954351425171
1.060349464416504
1.0213935375213623
1.0039856433868408
1.0081329345703125
0.946479320526123
1.0476861000061035
1.028458595275879
1.0126149654388428
1.1570303440093994
1.057621717453003
1.0109663009643555
1.0221736431121826
