[14, 15, 7, 4, 11, 3, 16, 18]
[18, 4, 3, 11, 4, 10, 15, 4, 17, 7, 15, 14, 2, 2]
[12, 4, 4, 16, 1, 4, 0, 9, 6]
[17]
[16, 4]
[18, 18, 7, 17, 1, 6, 15, 12]
[8, 13]
[12, 8, 1, 16, 3, 2, 18, 4, 11, 11, 18, 8, 8]
[4, 3, 11, 6, 8, 9, 18, 18, 0, 14]
[4, 1, 14, 16, 17, 15, 2, 16, 3]
[1, 11, 11, 17, 3, 0, 11, 10, 15, 14, 6, 5, 17]
[7, 6, 16, 12, 10, 8, 17]
[9]
[2]
[17, 1, 13, 10, 11, 0, 0, 12, 4, 3, 18, 3, 5, 2]
[15, 5, 17, 18, 5, 18, 8]
[9, 15, 5]
[7, 4, 2]
[17, 9, 16, 16, 2, 6, 13, 15, 14]
[7, 12, 2, 1, 12, 14, 13, 10, 8, 16, 8, 16, 16, 15, 12]
[17, 13, 18]
[10, 7, 14]
[16, 8, 10, 8, 2, 18, 11, 2, 14, 0, 3, 1, 13]
[2, 9, 16, 8, 4, 15, 15, 0, 9, 6, 15, 16, 8, 13, 12]
[17, 3, 4, 18, 14, 9, 18, 4]
[3]
[17, 17, 9]
[0]
[16, 11, 8, 14, 2, 1]
[13, 1, 3, 8, 10, 2, 8, 18, 8, 15, 14, 14, 7]
[7, 18, 14, 1, 15, 9, 1]
[14, 9, 17, 7, 7, 2, 5, 11, 16]
[10]
