0.000989392412996292
0.004678991119847979
0.0011290090847969057
0.0001088832691669464
0.00022160757098197938
0.0010950607969284058
0.00023902693068981171
0.0023533684527672254
0.003587638996744156
0.0017209569859107333
0.004598432453177525
0.0008482440881967545
0.00010024630591869355
9.933451948165894e-05
0.0029975053838968277
0.0014566694345712662
0.00031478929958343504
0.0003020704470554987
0.0029355056655168536
0.003720371256192525
0.0003554678109169007
0.00027712658927440644
0.0027027717826861603
0.004215573342490197
0.0015422835382461549
0.00010179914906024932
0.00031532795751889546
0.0001042462790284838
0.0006407501065889994
0.0020748286183999137
0.0010136002101557597
0.002521259136552281
0.00011181239397525789
