1.0858867168426514
1.0300567150115967
1.0565166473388672
1.083219051361084
1.0896461009979248
1.0527029037475586
1.0186715126037598
1.0613844394683838
1.0996158123016357
1.258000373840332
2.233458995819092
2.1921982765197754
2.240664482116699
2.1473867893218994
2.240269422531128
2.3150064945220947
2.188311815261841
2.312998056411743
2.2762043476104736
2.227755069732666
2.1328139305114746
2.4601776599884033
1.0684950351715088
1.0481712818145752
1.1437439918518066
1.0781307220458984
1.0234394073486328
1.0310916900634766
1.0882880687713623
1.0743916034698486
1.1187047958374023
1.0449450016021729
1.0493829250335693
1.0275390148162842
1.0435636043548584
1.0499582290649414
1.0758187770843506
1.0134356021881104
1.0653457641601562
1.1007840633392334
1.075016736984253
1.0517799854278564
1.0724201202392578
0.9757969379425049
1.1387965679168701
1.274980068206787
1.1898088455200195
1.155111312866211
1.2314674854278564
1.259066104888916
1.3214640617370605
1.269254446029663
1.1074864864349365
1.0881738662719727
1.1837868690490723
1.1685106754302979
1.1648306846618652
2.191329002380371
2.2076168060302734
1.9689459800720215
2.196350336074829
2.1831188201904297
2.1267406940460205
2.137702226638794
2.2510879039764404
2.123178005218506
2.1354598999023438
1.050147533416748
1.0411715507507324
1.0657219886779785
1.0795950889587402
1.0395123958587646
1.1091911792755127
2.1742920875549316
2.1660783290863037
2.17824125289917
1.2331569194793701
1.2188677787780762
2.267249584197998
2.257953643798828
2.250645160675049
2.198343515396118
2.29339337348938
2.1728157997131348
5.589496850967407
2.172003984451294
2.2416956424713135
2.187929630279541
2.3061699867248535
1.0104355812072754
1.0295333862304688
1.0360560417175293
1.0431218147277832
1.042025089263916
1.0416913032531738
1.0657236576080322
1.093198537826538
0.9309701919555664
1.1992230415344238
1.1602725982666016
1.2009179592132568
1.248837947845459
1.1798160076141357
1.097487211227417
1.1291964054107666
1.0339322090148926
1.2140791416168213
1.190258264541626
1.2133641242980957
2.220674753189087
2.267666816711426
2.311100482940674
1.0698857307434082
1.0531904697418213
1.026268482208252
1.0477142333984375
2.0782175064086914
2.185366153717041
2.0851078033447266
1.022298812866211
0.9859049320220947
0.9420239925384521
1.0219964981079102
0.9760088920593262
1.0216925144195557
1.0584142208099365
1.122297763824463
2.2443723678588867
2.125343084335327
2.219940423965454
2.222074031829834
2.2098910808563232
2.179950714111328
2.2272284030914307
1.2706832885742188
1.1922454833984375
1.2364821434020996
1.2124803066253662
1.162574291229248
1.2867443561553955
1.170649528503418
2.2466585636138916
2.226839065551758
2.098811149597168
2.2093887329101562
2.3863418102264404
2.2708613872528076
2.3015007972717285
2.2954938411712646
0.9884974956512451
1.0419299602508545
1.0155692100524902
1.007796287536621
0.9812943935394287
1.0330095291137695
1.220879077911377
1.0931174755096436
1.2177362442016602
1.1022679805755615
1.2522549629211426
1.2480525970458984
1.096928358078003
1.211848497390747
1.1883518695831299
2.355602979660034
2.305011749267578
2.309494733810425
2.2818970680236816
1.1830079555511475
1.1699097156524658
1.2330234050750732
1.109666109085083
1.2406189441680908
2.2856597900390625
2.191329002380371
2.25642991065979
2.2019193172454834
2.3191428184509277
2.239717960357666
2.407374143600464
2.3781158924102783
2.265275716781616
2.254823923110962
1.0627477169036865
1.1033329963684082
1.0547645092010498
1.2596557140350342
1.0711760520935059
2.087411880493164
2.1371829509735107
2.16090726852417
1.0176522731781006
1.127328872680664
0.9527106285095215
1.0721893310546875
0.9515242576599121
1.0596868991851807
1.103320837020874
1.079972505569458
1.1009619235992432
1.0330946445465088
1.0283291339874268
1.1166770458221436
1.198333501815796
1.337594985961914
1.1196300983428955
1.256744384765625
1.117213249206543
1.108842372894287
1.1691572666168213
1.2086210250854492
1.1293153762817383
1.1073698997497559
1.1819238662719727
1.212439775466919
1.0400655269622803
1.0448150634765625
1.0245466232299805
1.0650625228881836
1.0503044128417969
1.0733044147491455
1.0399937629699707
1.1130852699279785
1.1104183197021484
1.0663373470306396
2.0633902549743652
2.1593518257141113
2.1664469242095947
2.1214632987976074
2.144810914993286
2.2593178749084473
0.958118200302124
