23.895626068115234
41.317424058914185
29.506162405014038
11.310211658477783
10.15113377571106
19.44617795944214
8.766218900680542
26.384277820587158
29.811789989471436
26.87374997138977
41.51637935638428
21.848345518112183
7.079653739929199
7.97372579574585
32.526219844818115
20.89188003540039
12.1048424243927
9.753175735473633
25.089357137680054
44.36168909072876
10.562224388122559
11.010437726974487
36.17272710800171
43.86654758453369
24.5161349773407
5.933696985244751
13.039487838745117
10.254296779632568
18.540860176086426
31.67400860786438
17.890002250671387
24.940507650375366
7.08785080909729
