[7, 13, 10, 0, 0, 4, 12, 2, 2, 17]
[0]
[14]
[13, 11, 18, 17, 14, 15, 10]
[6, 19, 4, 12, 8, 7, 18, 15, 3, 4]
[11, 9, 11, 16, 17, 4, 15, 7, 4]
[11]
[19]
[2, 17]
[15, 16, 11, 1, 1, 16, 3, 6, 15, 17, 4, 7, 9]
[19, 12, 13, 11, 20, 6, 12, 10]
[8, 1, 0]
[19, 10, 19]
[9, 13, 14, 17, 7, 10, 2, 17, 18, 4, 12, 16, 7]
[4, 20, 20, 10, 3, 5, 5, 12, 18, 8, 12, 19, 17, 12, 8]
[18]
[15, 6, 12, 18, 2, 6, 8, 19, 9, 13, 15, 9, 16, 18]
[3, 0, 10]
[2, 2, 1, 8, 17, 19, 16, 4, 16]
[12, 20, 16, 3, 17, 1, 11, 2, 6]
[7, 17, 9, 18, 14, 17, 7, 18, 12]
[15, 4, 14, 17, 4, 0, 16, 20, 16, 15]
[8, 7, 14, 19, 14, 6, 13, 6, 20]
[17, 14, 9, 11, 0, 0, 3, 7]
[20, 4, 19, 12, 17, 0, 0]
[7]
[6, 15, 2, 14, 6, 4, 15, 3, 5]
[5, 2, 18, 3, 10, 8, 12, 3, 13]
[1, 11, 7, 10, 12, 5, 4]
[8, 0, 10, 7, 9, 20, 9, 16]
[12, 1, 2, 12, 11, 14, 18, 13]
[14, 2, 14]
[17, 16, 12, 7, 5, 3, 9, 9, 8, 0, 10, 7, 14]
[4, 18, 12, 16, 8, 17, 14, 7, 14, 11]
[15, 14, 20, 7, 14, 14, 10, 6, 7, 15, 16, 4, 4]
[7, 7, 6, 12, 16, 11, 17, 4, 14, 14, 3, 7, 0, 2]
[12, 7, 18, 5, 13, 16, 10, 0, 11, 13]
[8, 13, 17, 1, 0, 1, 18, 5]
