0.001386053033709526
0.00010137028186321258
0.00010149325145880381
0.0007949894071552488
0.0015951443196773531
0.0018750586629152298
0.00010569949072769709
9.433232100009919e-05
0.00020870342047214508
0.0021699850391259565
0.0010942987446784973
0.0004132553151369095
0.0003282996280670166
0.00309102971102091
0.004198701092290879
0.00011016493980203356
0.0030719099269901004
0.0007202840528011322
0.002424915458448728
0.0023262045719040767
0.001982170089840889
0.002740930315804482
0.0013391530187500849
0.0009357766782522202
0.0017711503883259636
0.00010141323792934418
0.0012958180802981059
0.001301336815237999
0.001895108038670676
0.0009237878661870957
0.001971151686859131
0.00031296102161407473
0.001976041791937902
0.0013718553402185443
0.0035524003684318985
0.004315341632689749
0.0026896706362724305
0.0014848623051643371
