1.0566301345825195
1.1192858219146729
1.0596675872802734
1.0999484062194824
0.9926917552947998
1.0393099784851074
1.1214914321899414
1.0592474937438965
1.0834565162658691
2.2453320026397705
1.0133650302886963
1.014594316482544
1.054579257965088
1.0220565795898438
1.0493285655975342
1.013566255569458
0.9553472995758057
1.0053088665008545
1.0525720119476318
1.0948054790496826
1.1062910556793213
1.1476054191589355
1.1189498901367188
1.0284013748168945
1.0638713836669922
1.0611369609832764
1.132646083831787
1.0577168464660645
1.0620882511138916
1.034090280532837
1.0926580429077148
1.0875370502471924
1.0709352493286133
1.0952746868133545
2.2209959030151367
2.1597161293029785
2.1073367595672607
2.1908810138702393
0.9647886753082275
0.8840892314910889
1.052037000656128
1.0343017578125
1.172095537185669
1.0913612842559814
1.1876962184906006
1.1860806941986084
1.1596622467041016
1.2207441329956055
1.0901265144348145
1.1739139556884766
1.1369576454162598
1.2108159065246582
1.0666987895965576
1.2025871276855469
1.2101483345031738
1.1264903545379639
1.0456931591033936
1.0838959217071533
1.0313606262207031
1.029280185699463
1.1143393516540527
1.0458438396453857
0.992901086807251
1.0353281497955322
1.059084177017212
1.004227876663208
1.271810531616211
0.9821999073028564
1.0278918743133545
1.065169095993042
1.0847511291503906
1.2268264293670654
1.2522985935211182
1.2615835666656494
1.2511181831359863
1.2463397979736328
2.2648537158966064
2.197275400161743
2.136997938156128
2.111936569213867
2.237459897994995
2.1852076053619385
1.1314074993133545
1.1249330043792725
1.2753362655639648
1.230823040008545
1.2217907905578613
2.207843780517578
2.210176944732666
2.3298678398132324
2.3061776161193848
2.1991584300994873
2.3195302486419678
2.2107348442077637
2.294814348220825
2.246478319168091
2.311929702758789
1.0055477619171143
1.2125537395477295
1.1764028072357178
1.2567789554595947
1.1291706562042236
1.2254674434661865
1.264786958694458
1.1626381874084473
1.1147832870483398
1.1815733909606934
1.2366788387298584
2.3938546180725098
2.332481622695923
2.183204174041748
2.275627374649048
0.9876546859741211
2.2801403999328613
2.1329851150512695
1.0509662628173828
1.0770585536956787
2.0521528720855713
2.089550733566284
2.134798288345337
2.0300862789154053
2.2122018337249756
2.046379804611206
2.090808391571045
1.144777536392212
1.0852112770080566
1.0533583164215088
2.149402141571045
2.1395070552825928
2.1763925552368164
2.044802188873291
2.1934804916381836
2.1138460636138916
1.0037479400634766
1.0310473442077637
1.052929401397705
1.0421273708343506
2.2615468502044678
2.0671308040618896
2.199483633041382
2.0983479022979736
2.106198787689209
1.171224594116211
1.213362455368042
1.1006174087524414
2.1133182048797607
2.051060914993286
2.2266101837158203
2.1726410388946533
2.164170980453491
2.140230417251587
2.330678701400757
1.0614538192749023
1.112321376800537
1.1008002758026123
1.088881254196167
1.1060128211975098
1.0721440315246582
1.0896894931793213
1.077483892440796
2.244932174682617
1.1329460144042969
1.0938735008239746
1.0480437278747559
1.1238620281219482
1.0480458736419678
1.0654065608978271
1.0202372074127197
1.237750768661499
1.0350637435913086
1.0250604152679443
0.98824143409729
2.0157644748687744
2.136042356491089
2.20672607421875
2.2137339115142822
0.9504520893096924
1.1071748733520508
1.074655294418335
1.0879087448120117
1.0773355960845947
1.1011338233947754
1.0556182861328125
1.072890281677246
1.0463030338287354
1.093186616897583
1.1202800273895264
1.060119390487671
1.137470006942749
1.1345856189727783
1.0641531944274902
1.0329740047454834
1.0969698429107666
1.0750744342803955
1.0359601974487305
1.0216233730316162
1.0385699272155762
2.1058223247528076
1.9953632354736328
2.064575433731079
2.0415024757385254
2.1664698123931885
1.0523591041564941
1.0458502769470215
1.0868206024169922
1.0945322513580322
1.1086785793304443
1.1246459484100342
1.0654244422912598
1.0794944763183594
1.0330939292907715
1.098062515258789
1.0870985984802246
1.0172529220581055
2.1228384971618652
2.0845837593078613
2.1277801990509033
2.212374448776245
1.0277135372161865
1.01884126663208
0.9569098949432373
1.1234822273254395
1.2585093975067139
1.2596442699432373
1.21659517288208
1.1276404857635498
1.2636559009552002
1.246117353439331
1.085890531539917
1.1299748420715332
1.1640326976776123
1.1212334632873535
1.2283191680908203
1.1840240955352783
1.0726184844970703
1.0105676651000977
1.0213532447814941
1.105743408203125
0.9956729412078857
1.0867478847503662
1.1234970092773438
1.0166635513305664
1.1096203327178955
2.212916851043701
1.1038482189178467
1.215440034866333
1.1293747425079346
1.1155319213867188
2.228522539138794
2.314579963684082
2.3812777996063232
2.3084473609924316
2.1392881870269775
2.214693307876587
2.1098198890686035
2.1497678756713867
2.3235974311828613
1.1387403011322021
1.2358031272888184
1.2355282306671143
1.1444385051727295
1.0888402462005615
5.346235990524292
2.314318895339966
2.360356569290161
2.3396151065826416
2.3001925945281982
2.314829111099243
2.2733161449432373
2.315446138381958
2.2977097034454346
1.062518835067749
1.1375045776367188
1.0842552185058594
2.245485305786133
2.1704671382904053
2.0862324237823486
2.087207794189453
2.0837056636810303
2.2028377056121826
2.1742818355560303
1.0169856548309326
1.0370264053344727
0.9715232849121094
1.0291423797607422
1.0343148708343506
2.038341522216797
2.280036211013794
2.085371971130371
