29.868517875671387
6.10205864906311
5.838913440704346
22.77708387374878
23.13350796699524
26.708293437957764
10.015176773071289
7.912089586257935
10.882718801498413
30.43801736831665
20.8616783618927
7.589384078979492
9.801572799682617
36.0261504650116
43.827436685562134
9.996865272521973
34.79360485076904
10.298354387283325
26.799257040023804
26.668641090393066
26.7669358253479
29.4621000289917
26.356560945510864
25.973923206329346
18.770090103149414
13.233136415481567
22.202422380447388
22.30981159210205
19.76257562637329
25.965938806533813
21.37494134902954
14.582541465759277
33.07900929450989
29.437877893447876
38.331929445266724
44.06674027442932
29.49645161628723
23.91013813018799
