4.77718186378479
7.780172824859619
2.6320013999938965
7.31882381439209
11.673428058624268
10.585394382476807
9.126047611236572
1.77290940284729
3.971128463745117
6.242265939712524
8.990572929382324
10.671833992004395
1.8639638423919678
3.9512484073638916
10.569958448410034
2.6530601978302
2.9963037967681885
2.680314540863037
4.016280174255371
2.963503360748291
7.954422235488892
22.55412197113037
7.413688898086548
2.6075754165649414
7.3298492431640625
2.6581902503967285
7.2857935428619385
5.547656059265137
8.983574628829956
