0.0023898382002188615
0.0015999090513672148
0.0015798913356982747
0.00010534881219863892
0.0008135405597925186
0.00011228383448123931
0.0003415755096367427
0.0011476589174826942
0.0003408546298742294
0.0009040893295049668
0.00010265792007786888
0.0011828679941919117
0.0027644689916133886
0.00033139681107316693
0.0003173831906318665
0.0014199867195765178
8.836462534268697e-05
0.000303978455320994
0.0011632417993710591
0.0003566485824108124
0.0009005176634822572
0.0007672083352088929
0.0005606385796785354
0.0023085196805147025
0.0008549909986575444
0.002002400692200661
0.00315652472088337
0.0012939089166429307
0.0008731108493804931
0.0003376254640102387
0.0008199083372301526
9.43063273111979e-05
8.387875807285309e-05
0.0003453894345760346
0.0007646197960138321
0.0009828574030126844
