1.1427006721496582
1.19822096824646
1.239595651626587
1.2498621940612793
1.1735012531280518
1.2340552806854248
1.1525907516479492
1.1946656703948975
1.0965297222137451
1.1500887870788574
2.518515110015869
2.137254476547241
2.1483120918273926
0.9701664447784424
1.0205981731414795
1.0794718265533447
1.9878547191619873
2.1245760917663574
2.240143060684204
2.159942150115967
1.1152727603912354
1.1288249492645264
1.093449592590332
1.2501435279846191
1.1824054718017578
1.1521971225738525
1.1352498531341553
1.230137586593628
1.1301214694976807
1.1204924583435059
1.1263585090637207
1.214766263961792
1.1440515518188477
0.9027318954467773
1.1032564640045166
1.0444343090057373
1.095747470855713
1.0477533340454102
1.0103261470794678
1.0332167148590088
1.090984582901001
0.9621579647064209
1.0461184978485107
1.0664396286010742
1.0052258968353271
1.0526750087738037
1.0621628761291504
1.043370246887207
1.095146656036377
1.0475397109985352
1.0833361148834229
1.0503365993499756
1.037851095199585
1.0887501239776611
0.9388494491577148
0.9980216026306152
0.983905553817749
1.074005126953125
1.0810143947601318
1.0804038047790527
1.0280137062072754
1.0290722846984863
1.064720630645752
1.0555999279022217
1.0603597164154053
0.9370262622833252
1.077122688293457
1.0745670795440674
1.023179292678833
1.0571613311767578
1.09340500831604
1.055553674697876
1.0636694431304932
1.199019193649292
1.0316944122314453
1.2416343688964844
1.1872587203979492
1.2524690628051758
1.2369964122772217
1.1848604679107666
1.1711277961730957
1.2557487487792969
1.2451694011688232
1.0973689556121826
1.1954123973846436
1.2484138011932373
1.1516830921173096
1.1427133083343506
1.1907854080200195
1.2235851287841797
0.9875848293304443
0.9952249526977539
1.0420665740966797
1.0196223258972168
1.0728192329406738
1.0803327560424805
1.0129303932189941
1.075270175933838
1.206369400024414
1.0738437175750732
1.1102571487426758
1.141129493713379
1.0979201793670654
1.0737354755401611
1.0369532108306885
0.8833518028259277
1.0270745754241943
1.0229036808013916
0.9887933731079102
1.0855426788330078
1.114764928817749
1.0536348819732666
1.0523920059204102
1.0387332439422607
1.120004653930664
1.0574209690093994
1.0910124778747559
1.036257028579712
1.0148882865905762
1.0011425018310547
1.040083885192871
1.0750670433044434
1.1007373332977295
1.051447868347168
1.8161613941192627
1.0951035022735596
1.0117707252502441
1.0693283081054688
1.0255470275878906
1.0586268901824951
1.0888893604278564
1.0492208003997803
1.007493257522583
1.0298540592193604
1.0674364566802979
1.0557498931884766
1.0574655532836914
1.0438387393951416
1.1059648990631104
1.083019495010376
1.233773946762085
1.2580204010009766
1.2411367893218994
1.1791965961456299
1.1973862648010254
1.1420841217041016
1.1247150897979736
1.199059009552002
1.1277656555175781
1.1577467918395996
1.2064757347106934
1.0582802295684814
1.0618212223052979
1.0704665184020996
1.088975191116333
1.0970187187194824
1.0342679023742676
1.1912224292755127
1.0871505737304688
0.996117115020752
1.0645580291748047
1.0190279483795166
1.0515556335449219
1.088348627090454
2.279832363128662
2.234189033508301
0.9809610843658447
2.1883466243743896
2.167398452758789
2.0448975563049316
2.098611831665039
2.037468910217285
2.120335102081299
2.120431423187256
2.195045232772827
2.1902480125427246
1.015915870666504
1.0998656749725342
1.0179533958435059
1.1210715770721436
0.9914939403533936
1.0823414325714111
1.0557513236999512
1.080590009689331
2.1186578273773193
1.0398752689361572
1.0970678329467773
1.022646188735962
1.068159580230713
1.0439417362213135
1.0986449718475342
0.9728848934173584
1.0359623432159424
1.0434963703155518
1.0457792282104492
1.0749742984771729
1.064591884613037
1.0234222412109375
1.038473129272461
1.0756616592407227
1.0791144371032715
1.022294044494629
1.0734045505523682
0.9427490234375
0.9147083759307861
0.9910175800323486
1.0247952938079834
0.9438223838806152
1.0348584651947021
1.051548957824707
1.0400164127349854
1.0292308330535889
1.0564775466918945
1.0636179447174072
0.9844985008239746
1.0677337646484375
1.0136795043945312
0.9839651584625244
1.005871057510376
0.9961597919464111
