38.89235210418701
21.17737340927124
38.321964263916016
8.873369216918945
19.597962617874146
7.010475158691406
14.085497379302979
33.38215112686157
14.639006853103638
25.846654176712036
10.075403928756714
25.017669439315796
31.191073417663574
14.020411252975464
8.66098427772522
20.34971284866333
5.75777530670166
9.618260860443115
30.798090934753418
12.756694078445435
20.529771089553833
11.994149446487427
15.099427461624146
28.689109802246094
16.267377376556396
19.4683575630188
29.969546794891357
27.939293384552002
23.52235245704651
11.879316806793213
22.988868474960327
5.889085531234741
7.036974191665649
10.669787883758545
12.04192066192627
17.814526319503784
