[16, 5, 4, 16, 23]
[16, 9]
[16, 0, 18]
[21]
[19]
[0, 24, 15]
[19, 24, 5]
[20, 20, 16, 18, 10, 23, 7, 17]
[6, 9, 19, 16, 5, 5, 8, 7]
[5, 11, 23]
[11]
[15, 1, 21, 3, 2, 19, 14, 12, 7, 13, 2, 3, 10]
[21, 17, 6, 9, 23, 14, 10, 10, 9]
[6, 22, 23]
[16]
[10, 13, 17, 23, 4, 21, 12, 2, 7]
[12, 15, 19, 0, 22]
[12, 3, 15, 14, 23, 7, 5, 15, 16]
[14, 21, 17, 2, 8, 24, 9, 16, 20]
[6, 13, 22, 2, 1, 17, 14, 19, 16]
[13, 3, 23, 19, 13, 4, 10, 0, 15]
[5, 16, 10, 17, 2, 5, 5]
[8, 2, 1, 11, 7, 0, 0]
[24]
[15, 20, 23, 8, 0, 17, 9]
[22, 22, 22, 8, 23, 15, 9, 5, 17, 9, 2, 1, 5, 13, 9]
[9, 23, 12, 5, 12, 7, 15, 8, 11, 21, 18, 21, 20]
[1, 2, 11, 21, 24, 19, 19, 11, 4, 19, 3, 18, 10]
[10, 3, 11, 0, 13, 23, 23, 8, 21]
[13, 9, 20, 3, 9, 11, 11, 17, 2, 22]
[9, 9, 24, 18, 23, 16, 11, 16, 18, 22]
[5, 19, 14, 7, 11, 16, 24, 13, 3, 7, 19, 23, 13, 14, 1]
[23, 8, 12, 22, 16, 19, 5, 8, 16]
[0, 17, 5, 20, 16, 18, 4]
[16, 2, 23, 6, 2, 8, 4, 5, 13]
[6, 13, 10, 0, 17, 10, 8]
