0.000927908222460747
0.0003725325159788132
0.00030850476675033567
6.800756874084472e-05
0.00010431875784397125
0.00037286307956738905
0.00032373223274435317
0.0008754197530269623
0.0013155391541004183
0.00031387738847732545
0.00011810830178260803
0.0019413298140214042
0.0010702757260984844
0.000317161003687165
0.0001082083607503346
0.0014040671733670765
0.0006817046777248383
0.0013258200984795888
0.0014932391496737796
0.0010560854853736029
0.0013146463780641555
0.0009172983227593559
0.000785013989322526
0.00016533728454113007
0.0009132018542732511
0.0031379986131111785
0.004442561276831994
0.003379682714278882
0.0015800863008154763
0.0015497535987854005
0.002212759939098358
0.003980628581960996
0.0016771851102113725
0.0012496747783047812
0.001807396901289622
0.0010621848494461604
