0.9672315120697021
1.0409793853759766
0.98714280128479
2.1282708644866943
2.2000393867492676
1.0429034233093262
2.149320363998413
1.0267419815063477
0.9789457321166992
1.0783319473266602
1.0196037292480469
0.9776828289031982
1.0704476833343506
1.0129716396331787
0.9918553829193115
0.9674701690673828
1.010484218597412
0.9769623279571533
1.06278395652771
1.0285017490386963
1.1029322147369385
1.0109965801239014
1.0323021411895752
1.0196290016174316
1.0642001628875732
1.0799953937530518
1.0842740535736084
1.1164438724517822
1.0622992515563965
1.087792158126831
1.0258173942565918
1.0330946445465088
1.0464062690734863
1.0752546787261963
0.9800376892089844
1.0111095905303955
1.0211117267608643
1.078052043914795
1.2210924625396729
1.1338210105895996
1.1129367351531982
1.1264150142669678
1.1637887954711914
1.0634095668792725
1.298783540725708
1.2522988319396973
1.2024142742156982
1.2246084213256836
1.077796220779419
1.1512620449066162
1.1098096370697021
1.0919811725616455
1.1155376434326172
1.096818447113037
1.0919287204742432
1.0804224014282227
1.0634574890136719
1.0159547328948975
1.0294687747955322
1.0440232753753662
0.9997231960296631
1.0345067977905273
1.0431017875671387
0.9876887798309326
1.072486162185669
1.1333625316619873
1.0116941928863525
1.1966373920440674
1.091076374053955
1.0453197956085205
1.0396521091461182
1.0376877784729004
1.090306043624878
1.0969183444976807
1.0672502517700195
1.0377390384674072
1.094470739364624
1.0840847492218018
1.0732331275939941
1.0290122032165527
1.1802611351013184
1.1850652694702148
1.0895743370056152
1.1308503150939941
1.1552207469940186
1.0601518154144287
1.0377964973449707
1.0640881061553955
1.0579583644866943
1.0517053604125977
1.0979325771331787
1.0622172355651855
1.0442776679992676
1.0081970691680908
1.163050889968872
1.0479106903076172
1.0588099956512451
1.0688328742980957
1.033715009689331
1.0215284824371338
1.0225636959075928
1.0852558612823486
1.0685555934906006
1.0732591152191162
1.0693981647491455
1.0851099491119385
1.0920109748840332
1.1302289962768555
1.1239099502563477
1.0901360511779785
1.079503059387207
1.0787863731384277
1.1372523307800293
1.0404458045959473
1.0508205890655518
1.0628914833068848
1.0320055484771729
1.0328447818756104
1.087510347366333
1.070152997970581
1.070728063583374
1.0268032550811768
0.9938030242919922
1.0635759830474854
1.0564947128295898
1.0053472518920898
1.0176115036010742
1.0017025470733643
0.9918253421783447
1.1223149299621582
1.125436544418335
1.0504369735717773
1.0264747142791748
0.9966495037078857
0.9848361015319824
1.0677270889282227
1.2408039569854736
1.2746734619140625
1.2756574153900146
1.26283597946167
1.2088758945465088
1.069370985031128
1.2802960872650146
1.214487075805664
1.1433806419372559
1.243133544921875
1.1140978336334229
1.2048296928405762
1.2050588130950928
2.3055999279022217
2.417659044265747
1.1790497303009033
1.2009823322296143
2.4723803997039795
2.3297159671783447
2.3531110286712646
2.338219165802002
2.291961908340454
2.3380777835845947
2.3256642818450928
2.332520008087158
2.1727261543273926
2.2486281394958496
2.356248378753662
1.0930662155151367
1.2062740325927734
1.1951563358306885
1.1668853759765625
1.1119236946105957
2.3742849826812744
2.1387312412261963
2.158632755279541
2.2673585414886475
2.1204721927642822
2.2229678630828857
2.1685917377471924
2.3072683811187744
1.1048243045806885
1.1358277797698975
1.0691652297973633
1.0908401012420654
1.0481548309326172
1.0841131210327148
2.083695888519287
2.143876075744629
2.163956642150879
1.133362054824829
1.104083776473999
1.178579330444336
1.154597520828247
2.463603973388672
0.9556818008422852
1.1008670330047607
1.0946552753448486
1.0435264110565186
2.0508508682250977
1.1397991180419922
1.0688388347625732
1.0634729862213135
1.0375304222106934
1.085432767868042
2.2282660007476807
2.1936264038085938
2.0752501487731934
2.1187775135040283
2.1759841442108154
1.2343554496765137
1.234734296798706
1.1694564819335938
1.1019988059997559
1.257948398590088
1.1649527549743652
2.159292221069336
2.257631778717041
2.1585605144500732
3.330004930496216
2.204392433166504
2.2250895500183105
2.3436546325683594
2.2523958683013916
2.331825017929077
1.0575332641601562
1.0249419212341309
1.0766327381134033
1.1320207118988037
1.0254182815551758
1.0808711051940918
2.003340721130371
2.0481789112091064
2.1268067359924316
1.019679069519043
1.011669397354126
0.9713633060455322
1.0041446685791016
2.037376880645752
1.9736337661743164
2.0729432106018066
1.029475212097168
1.0851705074310303
0.9953296184539795
1.0040194988250732
1.0486395359039307
2.0902650356292725
2.117064952850342
2.118664264678955
2.063460111618042
1.0383527278900146
1.0503077507019043
1.0795743465423584
1.0831630229949951
1.0302889347076416
1.0260188579559326
2.2691705226898193
