15.54792070388794
6.943326234817505
13.061342716217041
3.9234700202941895
13.306414365768433
18.010929584503174
13.6350576877594
24.013139247894287
17.237343549728394
14.740211486816406
10.638842105865479
33.847278356552124
26.740001678466797
17.942620992660522
10.147390842437744
20.371729850769043
14.240886688232422
21.19193458557129
18.05483102798462
27.019587993621826
23.49750304222107
18.918771505355835
19.76995038986206
2.8113718032836914
18.614716053009033
33.58784818649292
39.65428638458252
38.17816233634949
26.967933654785156
30.475907802581787
29.726990461349487
44.95750045776367
26.65043044090271
21.007669687271118
26.683505535125732
20.850802421569824
