[12, 15, 5, 22, 13, 8, 22, 12, 22, 19, 0, 22, 6, 17]
[20]
[11, 11, 23, 10, 11, 13, 12]
[19, 5, 9, 21, 6]
[15, 6, 8, 0, 13, 7, 20, 18]
[1, 0, 20, 22, 0, 23, 16, 12, 7]
[14, 16, 15, 13, 16, 18, 21, 2, 19]
[1, 8, 3, 7, 18, 18, 8]
[14, 17, 6, 17, 5, 12, 5, 3, 15, 19, 20, 16, 17, 21, 18]
[4, 8, 6, 5, 18, 20, 22]
[6, 15, 22]
[5, 21, 21, 20, 0, 18, 8, 20, 17, 19, 22, 19, 14]
[23, 10, 7]
[1, 9, 3, 9, 4, 19, 9, 15, 18, 8]
[8, 6, 0]
[3, 10, 0, 8, 10, 7, 19, 23, 10, 18, 3, 2, 15]
[6, 7, 19]
[17, 1, 4, 19, 19]
[4, 0, 18, 23, 9, 18, 12, 22, 18, 5, 3, 19, 20]
[1, 18, 9, 5, 6, 2, 10, 18, 16]
[6, 11, 16, 7, 9, 12, 3]
[20, 0, 10, 9, 20, 11, 11, 16]
[21, 15]
[22, 0, 5, 20, 17, 3, 23, 11, 18, 20, 15, 23, 12]
[5, 23, 17, 19, 16, 19, 6, 18, 5, 9, 15, 2, 23, 10, 7]
[9]
[6, 19, 1]
[14]
[4, 20, 3, 13, 2, 12, 10, 5, 3]
[2, 22, 20, 10, 11, 2, 22]
[3, 21, 23, 4, 21, 10, 0, 1, 16]
[3, 22, 17, 2, 21, 6, 5, 23, 10, 19]
[3, 16, 20, 15, 19, 1, 8, 9, 22]
[11, 11, 19, 10, 3, 20, 9, 11]
