0.002719889889645577
0.00011402739086151123
0.0016128774752140044
0.0009462107862234116
0.0023986261566638946
0.0017031656866788865
0.0011291999358971913
0.0011080591219152724
0.0030980878596226376
0.0010357885386364802
0.0003342669980287552
0.0036067568936788124
0.00034297606439060634
0.0013669823143959044
0.0003624388367414475
0.002035933943785154
0.00036378429522514346
0.0005443260088205339
0.002577965333547959
0.0016646595682621003
0.000781275950551033
0.000990408107972145
0.0001861336818933487
0.0035542440779942736
0.003620764125100772
0.00011798769700527192
0.0003096213430802027
9.705623370011648e-05
0.0015611528940439226
0.0010163323580333165
0.0012917570367018383
0.0036489078951835634
0.0017029831395785012
0.002003953962016106
