1.1714255809783936
1.1424560546875
1.1619763374328613
1.2299907207489014
1.2642664909362793
1.1530041694641113
1.129150390625
1.1082310676574707
1.2234349250793457
1.140380620956421
2.1434316635131836
2.2487969398498535
2.2822327613830566
2.3660049438476562
0.9770984649658203
0.9864182472229004
1.0411596298217773
1.0765860080718994
2.0206124782562256
2.1547722816467285
2.2422099113464355
2.1548805236816406
1.050386667251587
1.0013504028320312
1.0502963066101074
2.1637790203094482
2.2023074626922607
0.9819610118865967
2.1145689487457275
2.0267367362976074
1.9998536109924316
2.116567850112915
2.0762484073638916
2.209068775177002
2.030287504196167
1.0485808849334717
1.0567598342895508
1.006173849105835
1.0438332557678223
1.0920953750610352
1.044557809829712
2.2477633953094482
2.1201415061950684
2.1106441020965576
0.9700202941894531
1.0463943481445312
1.142096996307373
1.057539701461792
1.0525548458099365
1.0453815460205078
0.9846451282501221
1.0781636238098145
1.0305898189544678
1.0196056365966797
1.0645124912261963
1.0312047004699707
1.0556445121765137
1.0312676429748535
1.0263721942901611
1.041440486907959
1.2129287719726562
1.0526072978973389
1.1955540180206299
1.1722939014434814
1.1997461318969727
1.251530408859253
1.2093539237976074
1.1491024494171143
1.1938302516937256
1.051896095275879
2.210329532623291
2.2861244678497314
2.2835822105407715
2.4026753902435303
2.3582966327667236
1.0656147003173828
0.9952750205993652
1.0560672283172607
1.0305755138397217
1.0587410926818848
1.0562224388122559
2.101236581802368
1.0922930240631104
1.0040855407714844
1.03639554977417
1.1507527828216553
1.0732536315917969
1.1957337856292725
1.1779541969299316
1.1705412864685059
2.249023199081421
2.242070198059082
2.296024799346924
2.0706076622009277
2.224569320678711
2.266721487045288
2.3776254653930664
2.341144561767578
1.086869716644287
0.9992432594299316
0.9997458457946777
1.0778586864471436
1.0107331275939941
1.0678472518920898
1.196639060974121
1.043938398361206
1.0802302360534668
1.0833134651184082
1.0290513038635254
1.1612234115600586
1.0382914543151855
1.0306484699249268
1.053785800933838
1.0212969779968262
1.1176831722259521
1.1031107902526855
1.2134644985198975
1.0892107486724854
1.0534040927886963
1.2329957485198975
1.1794731616973877
1.1697275638580322
1.0647180080413818
1.2002124786376953
1.1601994037628174
1.1937015056610107
1.1998257637023926
1.0336353778839111
1.0922775268554688
0.9913475513458252
1.045377254486084
1.0232667922973633
1.0723850727081299
0.9768295288085938
0.9836034774780273
1.0699636936187744
1.0971908569335938
1.1760642528533936
1.2304673194885254
1.0979633331298828
1.1408061981201172
1.1378345489501953
1.1080400943756104
1.0984864234924316
2.2583248615264893
2.211682081222534
2.1873857975006104
2.1510722637176514
1.0762295722961426
1.0973470211029053
1.071669578552246
1.0194358825683594
1.0530359745025635
1.0367279052734375
2.0653133392333984
2.0017454624176025
2.060321569442749
1.0064172744750977
1.0289316177368164
1.0194292068481445
0.9962718486785889
1.0713169574737549
1.0473697185516357
1.039823055267334
1.0838396549224854
1.092146635055542
1.0661547183990479
1.0806362628936768
1.0746433734893799
0.9960241317749023
1.0616650581359863
1.0316777229309082
1.0644593238830566
0.9653518199920654
1.0898253917694092
1.1422319412231445
1.1600654125213623
1.1513607501983643
1.1187479496002197
1.2101633548736572
2.243572473526001
2.1418466567993164
2.4037976264953613
2.2319416999816895
2.1219100952148438
2.1650869846343994
2.172104597091675
1.026214599609375
1.1683459281921387
1.1259043216705322
1.2237887382507324
1.2749202251434326
1.8690109252929688
1.2028791904449463
1.0776445865631104
2.340669631958008
2.1983461380004883
2.1969518661499023
2.1878397464752197
2.29264760017395
2.2765276432037354
2.3947534561157227
1.0110342502593994
1.038867712020874
1.0496013164520264
1.0067126750946045
0.9702389240264893
1.03678560256958
0.9983115196228027
0.9982669353485107
1.089949607849121
1.0398340225219727
1.0235111713409424
1.0937049388885498
1.0293991565704346
1.055281400680542
1.0330827236175537
1.032546043395996
0.9952569007873535
1.0289664268493652
1.023181676864624
1.0101919174194336
2.0834031105041504
1.0349493026733398
1.059051513671875
1.0818819999694824
1.0505588054656982
1.0351734161376953
1.0685043334960938
1.0520617961883545
0.9944515228271484
2.1894068717956543
2.23504900932312
2.199833631515503
2.137187957763672
2.292450189590454
2.091020345687866
2.1922144889831543
2.0736477375030518
2.256500005722046
2.1779162883758545
2.2332499027252197
1.0729737281799316
1.0708556175231934
1.0560109615325928
1.032524585723877
1.0237541198730469
1.0406856536865234
2.1486146450042725
2.1765661239624023
2.147195816040039
1.038386583328247
1.0811288356781006
1.0472688674926758
2.128312349319458
2.2088661193847656
2.1091065406799316
2.2183592319488525
2.3108012676239014
