40.84424591064453
4.861288070678711
19.97649383544922
15.257890939712524
23.7659695148468
26.5199978351593
32.958739280700684
15.796470165252686
43.0911009311676
20.86518955230713
11.741011619567871
36.36498689651489
15.978230476379395
26.608628034591675
12.551814794540405
31.65849494934082
10.848071813583374
15.13889479637146
36.685004472732544
26.980390787124634
26.274420261383057
23.939725875854492
9.389984846115112
33.126537799835205
44.14922475814819
9.0695960521698
8.482417345046997
9.147044658660889
17.23206090927124
20.824031114578247
26.724818229675293
29.639094591140747
26.846470832824707
24.026705503463745
