0.002209458322572708
0.0026090954221645994
0.00010265413261141094
0.000995951818728447
0.001033175864972387
0.0032163534187861853
0.0014666359697444098
0.000902341263280596
0.004859792401194573
0.0017189403507947923
0.00014211621849536895
0.003974970335346002
0.0021901713800827663
0.0007996786415202276
0.0018605563911994298
0.001769036679029465
0.0007974796123743057
0.0024395421013116837
0.0008695071568250657
0.0019902138317902883
0.0003630484484910965
0.0009661966441869736
0.00010673174819946288
0.0010223135351044791
0.00010849224691390992
0.002091098298144341
0.0003071171373844147
0.00032619996304512027
0.000981739239692688
0.00011719199702209896
0.0008208418448607125
0.002192464427909484
0.0002396429418325424
0.0012766909852663677
0.0021636629728078844
0.0017042388703028362
0.0021055726140975953
