1.0579047203063965
1.106215000152588
1.025435209274292
0.9885051250457764
1.152811050415039
2.1246750354766846
2.135342597961426
2.235919952392578
2.1869893074035645
2.1490280628204346
1.0340402126312256
1.1170778274536133
2.047116279602051
2.0674424171447754
2.057487726211548
2.0900440216064453
2.0593934059143066
2.212581157684326
2.083979845046997
0.9369916915893555
1.0347087383270264
1.1240804195404053
1.0282392501831055
1.0675244331359863
1.0372281074523926
1.0883440971374512
1.0695085525512695
1.084657907485962
1.082322359085083
1.0614867210388184
1.065870761871338
1.0930781364440918
1.0679254531860352
1.0959093570709229
1.0132200717926025
1.185483455657959
1.2493524551391602
1.1875929832458496
1.1775803565979004
1.216491460800171
1.2409462928771973
1.213064193725586
1.1554932594299316
1.0954856872558594
1.206629753112793
2.35076904296875
2.1773834228515625
2.3109827041625977
2.3354480266571045
1.0552728176116943
1.0257980823516846
1.059523582458496
1.071451187133789
2.117658853530884
2.0791001319885254
2.209099769592285
1.0624241828918457
1.0547409057617188
1.025881052017212
1.0089819431304932
0.9566643238067627
1.008718729019165
2.1188502311706543
2.167591094970703
2.1294443607330322
2.187777042388916
2.202465295791626
2.28448748588562
2.212435007095337
2.3791964054107666
2.3199942111968994
2.23531174659729
2.2683486938476562
2.2551040649414062
2.299143075942993
2.211625337600708
1.058086633682251
1.0200247764587402
1.0770256519317627
1.0225138664245605
1.1606090068817139
1.0971133708953857
2.1321072578430176
2.1563336849212646
2.1650161743164062
1.077089786529541
1.0535881519317627
1.0297870635986328
1.1309397220611572
2.255368232727051
2.2210397720336914
2.2397146224975586
2.1901676654815674
2.135745048522949
2.1229801177978516
2.1264796257019043
2.241832971572876
2.067256212234497
2.2937700748443604
2.214358329772949
1.0551536083221436
1.0527589321136475
1.0897691249847412
1.0609965324401855
2.1637027263641357
2.112372636795044
2.0593748092651367
2.193877935409546
2.371220350265503
1.0614814758300781
1.053673505783081
1.0028059482574463
1.0411186218261719
1.0388340950012207
1.055614709854126
1.045663833618164
1.089994192123413
1.0443427562713623
1.0275554656982422
1.004093885421753
1.0568783283233643
2.120530843734741
2.144569158554077
2.079408645629883
2.3833119869232178
1.1586380004882812
1.067429780960083
1.091825008392334
1.0355005264282227
1.0477228164672852
1.0775792598724365
1.036668300628662
2.1927402019500732
2.2158474922180176
2.0384533405303955
1.043487787246704
1.014693260192871
1.0722622871398926
1.0179414749145508
1.0524654388427734
1.0273330211639404
1.0509369373321533
2.092034339904785
2.1217615604400635
2.069490432739258
2.0349690914154053
2.0379951000213623
2.1861226558685303
2.0919525623321533
1.025998830795288
1.0692827701568604
1.067662239074707
1.0254371166229248
1.091376781463623
2.171031951904297
1.0146148204803467
1.1256275177001953
1.0743474960327148
1.0100016593933105
1.9812712669372559
2.1838207244873047
2.142852306365967
2.132378339767456
2.2579588890075684
1.0596539974212646
1.0263948440551758
1.0249061584472656
1.070066213607788
0.9725329875946045
0.9945697784423828
1.047292947769165
1.0698258876800537
1.0528805255889893
1.036104440689087
1.0360472202301025
1.0002975463867188
1.0614700317382812
1.032820701599121
1.0752193927764893
1.0867578983306885
1.040292739868164
1.053689956665039
1.0509228706359863
1.0167970657348633
1.045116662979126
0.988743782043457
1.0603559017181396
1.0824949741363525
1.0145587921142578
0.9937317371368408
2.0588765144348145
2.155636787414551
2.1445658206939697
1.0391767024993896
1.093245506286621
0.9377257823944092
0.9937984943389893
0.948737382888794
1.0349054336547852
1.0458991527557373
1.0631608963012695
1.0322449207305908
1.0609369277954102
1.068347692489624
1.0545446872711182
1.0665521621704102
1.020817756652832
1.0544116497039795
1.0601482391357422
1.0228798389434814
1.0304367542266846
0.9751341342926025
1.0470552444458008
1.0191209316253662
1.1748383045196533
1.1569359302520752
1.1458320617675781
1.1562411785125732
1.1512818336486816
1.1884868144989014
1.304387092590332
1.1781458854675293
1.180264949798584
1.1127383708953857
1.1165881156921387
1.1399950981140137
1.259669303894043
1.019885778427124
1.0336098670959473
1.0642728805541992
1.07212495803833
1.0515835285186768
1.0400152206420898
1.0668723583221436
1.0532197952270508
1.0868842601776123
1.0677940845489502
1.0700221061706543
1.1183927059173584
1.1126956939697266
1.0092525482177734
1.0321464538574219
2.1427338123321533
2.036677837371826
2.0844151973724365
2.163219928741455
2.276215076446533
1.063035488128662
1.0138893127441406
1.0584418773651123
1.072171688079834
1.0397822856903076
1.010779857635498
2.10577130317688
2.2165422439575195
2.1981828212738037
1.0411760807037354
1.0799369812011719
1.13576340675354
1.062514305114746
1.2222630977630615
1.1108379364013672
2.29697585105896
2.188087224960327
2.0793330669403076
2.1859841346740723
