29.701329708099365
26.197814226150513
17.52490997314453
21.55938982963562
17.713523626327515
32.49552059173584
21.022165298461914
20.9162495136261
38.58937215805054
27.05409526824951
6.707961797714233
37.94037866592407
26.868263959884644
20.83691096305847
27.225814819335938
29.530167818069458
21.056107759475708
20.637008905410767
18.038835287094116
26.63890314102173
15.061316728591919
21.69401216506958
8.159317970275879
15.565347909927368
8.18300461769104
20.382623434066772
9.572968482971191
13.943279266357422
23.80211067199707
12.362828016281128
13.934832572937012
30.77735137939453
11.10746693611145
21.005774974822998
26.50054407119751
27.09536623954773
30.106860399246216
