0.0007867447831324168
0.0031785811632394794
0.00010887312355041504
0.00010619154546260835
9.565670328140259e-05
0.00042026705069541937
0.00011560381178855897
0.000793140260386467
0.0004244430262724558
0.0008927072774887084
0.00021167668028672533
0.0008899927748169217
0.0013071916136344274
0.001302567744231224
0.00032916086039543155
0.0010844092846870423
0.002077552481356034
0.0015419608574787774
0.000313919845533371
0.0003328580156326294
0.0012866918699741365
0.0015120746636390686
0.000806621338028378
0.003917269951343537
0.0033204042393631403
0.0013907331605593361
0.0009280493962897195
0.0016755354506390438
