1.0137791633605957
1.016425609588623
1.0172302722930908
1.015298843383789
1.050908088684082
1.0294349193572998
1.0380594730377197
2.0537374019622803
2.0529372692108154
2.1834664344787598
2.036280393600464
2.1278934478759766
2.1281776428222656
2.0609278678894043
2.19132661819458
2.232926368713379
1.0203666687011719
0.9952347278594971
0.9562482833862305
1.0314793586730957
1.0706474781036377
1.0490882396697998
0.9906067848205566
1.0936214923858643
1.035945177078247
1.0536649227142334
1.081991195678711
1.03059983253479
1.0617873668670654
1.0757570266723633
1.04728102684021
1.0669090747833252
1.0683369636535645
1.0582363605499268
1.145024061203003
1.0579893589019775
1.052361011505127
1.0841376781463623
1.026277780532837
1.082587480545044
1.0606346130371094
1.0511672496795654
1.064894199371338
1.0272104740142822
1.0487866401672363
1.042942762374878
0.9841914176940918
1.0226504802703857
1.0326886177062988
1.0279979705810547
1.1301209926605225
1.0891387462615967
1.0880100727081299
1.1216697692871094
1.0719108581542969
1.084080696105957
1.046342372894287
1.1098506450653076
1.0603625774383545
1.084606409072876
1.0748958587646484
1.1891322135925293
1.0112216472625732
1.1499836444854736
1.0775959491729736
1.0683348178863525
1.0511159896850586
1.0599298477172852
1.0632967948913574
1.081744909286499
1.0138916969299316
1.104651927947998
1.0255029201507568
1.0870654582977295
1.0224757194519043
1.0260627269744873
1.049147367477417
1.0435779094696045
1.0347766876220703
1.1590967178344727
1.1622304916381836
1.0808532238006592
1.2583696842193604
1.2054924964904785
1.1612842082977295
1.1334459781646729
1.1463825702667236
1.2567062377929688
1.1610689163208008
1.1155505180358887
1.186699390411377
1.256721019744873
1.0758006572723389
1.0688905715942383
1.0339620113372803
0.9944384098052979
1.0237677097320557
1.0047845840454102
1.0583691596984863
2.208860158920288
2.092942714691162
1.0423908233642578
0.9639003276824951
1.0063753128051758
1.0520853996276855
0.9652450084686279
1.020883321762085
1.0742404460906982
1.0930144786834717
1.0579321384429932
1.051368236541748
1.0385394096374512
1.0786283016204834
1.108611822128296
1.0847105979919434
1.0607316493988037
1.1173975467681885
1.2325258255004883
1.0531961917877197
1.159179449081421
1.0541832447052002
1.0406262874603271
1.1525835990905762
1.0225045680999756
1.1506497859954834
1.0784165859222412
1.0620431900024414
1.0509188175201416
1.0659708976745605
1.0185084342956543
0.9968528747558594
1.053473949432373
1.0096466541290283
1.1344237327575684
1.1130611896514893
1.176586389541626
1.273592233657837
1.156137466430664
1.3615622520446777
1.2331137657165527
2.2712442874908447
2.3349428176879883
2.20915150642395
2.336146354675293
2.349522113800049
2.249889850616455
2.2063956260681152
2.2968204021453857
1.1533713340759277
2.5226027965545654
2.662111520767212
2.674107074737549
2.4034690856933594
2.4444918632507324
2.609436511993408
2.3750123977661133
2.4962801933288574
1.048353910446167
1.0319361686706543
2.088629722595215
2.0310683250427246
2.13582706451416
2.092076539993286
1.0888283252716064
1.0545966625213623
1.0131049156188965
1.0401945114135742
0.9875578880310059
1.0240685939788818
1.0698330402374268
1.0717556476593018
1.0209085941314697
1.0353765487670898
0.9784135818481445
1.0414869785308838
3.897655725479126
2.095890998840332
2.0605273246765137
