20.829589128494263
26.647420406341553
7.988887548446655
7.9189112186431885
5.979144096374512
7.527443885803223
7.099341630935669
24.336676597595215
7.46088171005249
23.879135370254517
7.794503211975098
18.50911855697632
23.355415105819702
22.91182041168213
14.967302799224854
20.609816789627075
32.85418248176575
26.129814386367798
14.883375883102417
13.600198030471802
22.403977155685425
24.4032039642334
23.347777366638184
41.85623264312744
30.11640739440918
18.55196475982666
24.71665859222412
21.525114059448242
