[9, 18, 11, 16, 2, 14, 5]
[17, 17, 10, 4, 10, 13, 16, 18, 4]
[18]
[16]
[6]
[15, 8, 4]
[14]
[13, 9, 0, 8, 1, 2, 0]
[6, 15, 3]
[13, 9, 6, 17, 8, 7, 13, 12]
[14, 11]
[19, 19, 16, 9, 0, 3, 11]
[1, 10, 17, 17, 7, 8, 0, 5, 7]
[10, 0, 17, 19, 2, 16, 11, 5, 11]
[13, 6, 11]
[15, 5, 3, 0, 5, 11, 13, 15]
[3, 13, 19, 0, 3, 10, 4, 14, 12, 7, 9, 6, 11]
[19, 19, 16, 9, 6, 0, 5, 19, 14]
[12, 8, 15]
[13, 5, 13]
[3, 11, 17, 17, 8, 11, 0, 11, 3]
[10, 15, 19, 17, 9, 3, 0, 4, 7, 13]
[6, 11, 12, 16, 6, 4, 2]
[13, 5, 19, 16, 9, 18, 13, 6, 13, 9, 0, 9, 19, 12, 3]
[8, 10, 3, 9, 19, 5, 3, 12, 11]
[7, 19, 15, 8, 14, 0]
[12, 6, 12, 11, 11, 13, 4, 0]
[13, 14, 16, 18, 17, 8, 2]
