0.0008034040718896048
0.003248732333803177
0.00010558578574657441
9.676220302581788e-05
9.118961091836293e-05
0.00039751982503732046
0.00010914509911537171
0.0007970635034322739
0.00041245040357112885
0.0008843980415821075
0.00020043605244954424
0.0008820975824458258
0.0013182661907196046
0.0013195463098128637
0.0003281467851638794
0.0010699172311782836
0.0020549303017121092
0.0015472007319291433
0.00031391209444999694
0.000353804272372382
0.0012666758236646652
0.0015032673435926437
0.0009009561254315906
0.003880753567528725
0.002755861346655422
0.0013934220815738042
0.0009137882445070479
0.0014730931606190545
