1.0316379070281982
1.0736885070800781
1.0424072742462158
1.02384614944458
1.0661768913269043
1.031050443649292
1.0643894672393799
2.2127232551574707
2.124061107635498
2.2010295391082764
2.2346298694610596
2.122528553009033
2.079995632171631
2.173523187637329
2.131155252456665
2.2088499069213867
0.9895575046539307
0.9068622589111328
0.9115922451019287
1.0455455780029297
0.979433536529541
0.955674409866333
0.9352622032165527
1.096634864807129
1.0751261711120605
1.0665380954742432
1.0606436729431152
1.0348267555236816
1.0695374011993408
1.066828966140747
1.063256025314331
1.029287338256836
1.0000615119934082
1.0916080474853516
1.054269790649414
1.039585828781128
1.0348613262176514
1.0862319469451904
1.0782928466796875
1.0470092296600342
1.0556461811065674
1.0211536884307861
0.9825389385223389
0.9657084941864014
1.0504872798919678
1.0409653186798096
0.9904377460479736
1.0034523010253906
1.0699915885925293
1.001673936843872
0.9908847808837891
1.2727904319763184
1.0777745246887207
1.11024808883667
1.0671288967132568
1.0937659740447998
1.0492949485778809
1.0526530742645264
1.1699845790863037
1.0405216217041016
1.139237880706787
1.1478333473205566
1.0827927589416504
1.1261401176452637
1.091526985168457
1.0392346382141113
1.1166653633117676
1.1101710796356201
1.0211710929870605
1.0422263145446777
1.0858039855957031
1.037424087524414
1.0058598518371582
1.0748646259307861
1.0436482429504395
1.0545597076416016
1.0256767272949219
1.0075135231018066
1.0315463542938232
1.2590434551239014
1.1640779972076416
1.202559471130371
1.1640665531158447
1.231799840927124
1.21055006980896
1.0263593196868896
1.199420690536499
1.1538071632385254
1.082108974456787
1.1308979988098145
1.217430830001831
1.075354814529419
1.0084598064422607
1.0055930614471436
1.059680461883545
1.0194454193115234
1.0405268669128418
0.9850807189941406
1.0345737934112549
2.293095350265503
2.1546497344970703
1.0594205856323242
1.0033800601959229
0.949791431427002
1.0696141719818115
1.0438520908355713
1.1159377098083496
1.0681383609771729
1.0299851894378662
1.0517666339874268
1.0517444610595703
1.0639855861663818
1.0644712448120117
1.0452351570129395
1.0565459728240967
1.065821647644043
1.023524522781372
1.090681552886963
1.2033655643463135
1.0973379611968994
1.1030371189117432
1.0085246562957764
1.047956943511963
1.099362850189209
1.1914260387420654
1.131617784500122
1.0502650737762451
1.0693063735961914
1.0593984127044678
1.0512909889221191
1.0268220901489258
1.0251736640930176
1.8239166736602783
1.2421989440917969
1.1151466369628906
1.2571792602539062
1.2034423351287842
1.1996686458587646
1.1368796825408936
1.2864575386047363
2.2434234619140625
2.316143274307251
2.305925130844116
2.156977653503418
2.060525894165039
2.303083896636963
2.2715885639190674
2.3550302982330322
0.9936478137969971
2.0993118286132812
2.1031551361083984
2.074627161026001
2.055694818496704
2.0977749824523926
2.021796703338623
2.0570120811462402
2.20943546295166
1.0368766784667969
1.0289497375488281
2.1264142990112305
2.118211269378662
2.060112476348877
2.077489137649536
1.004276990890503
1.0298449993133545
1.0764117240905762
1.0498876571655273
1.0605673789978027
0.9933192729949951
1.0000057220458984
1.0073139667510986
1.1028416156768799
1.137963056564331
1.0748069286346436
1.030912160873413
2.1666712760925293
2.0957858562469482
2.055671215057373
