20.64920449256897
26.87004041671753
8.205653667449951
8.157604932785034
5.918620824813843
7.687642335891724
6.932696342468262
24.232816219329834
7.585724115371704
23.749179124832153
7.959292650222778
19.03700304031372
23.885109186172485
22.502331972122192
15.38069748878479
20.53647017478943
32.95524215698242
25.60171675682068
14.91051721572876
13.830339193344116
22.404394149780273
23.95988416671753
23.814348697662354
41.80034947395325
26.760223865509033
18.26413083076477
24.57668924331665
20.034697771072388
