2.955348253250122
1.6446895599365234
10.084660530090332
2.914123296737671
6.872485399246216
10.745418310165405
7.838131904602051
13.255829334259033
3.9302611351013184
6.7401511669158936
8.778764247894287
8.000072240829468
7.774463891983032
6.729564666748047
7.878922939300537
1.8034095764160156
8.359906435012817
13.81248426437378
3.926453113555908
8.06964659690857
7.010913848876953
10.83086371421814
10.624729871749878
6.7319090366363525
11.133189678192139
2.588050365447998
9.938642978668213
11.646422386169434
13.691308498382568
8.363364696502686
11.753901958465576
