0.00010677413001060487
0.00040826857732931775
0.000228799830024583
0.0019357709237062017
0.0019611200844155416
0.0015827326219797135
0.004374145248055458
0.00035611556861400603
0.000318726984055837
0.00031019736357529954
0.0003720227770718661
0.002194394227405695
0.00011872977619171143
0.00022439240906238557
0.0009934237009568648
0.0012848629966815313
0.000542382296538353
0.0002866326364517212
0.0016402248614788056
9.856084636052449e-05
0.0007670559058189392
0.00010211155400276185
0.00032582169713974
0.0022952919056892394
0.0009748099212169648
0.000425871828564008
0.00040606153171062474
0.0003653461696942647
0.0027727760783513387
0.0023314283828462876
0.00262072877007081
0.004364179779624939
0.0010888627705335618
0.003756931763545672
0.0025918793654130063
0.0023957963810920715
0.0016391142384358818
