1.000694751739502
1.0173356533050537
1.045006275177002
0.9989070892333984
1.0343599319458008
1.054046392440796
1.2674736976623535
1.1587891578674316
1.3031046390533447
1.1943163871765137
1.1693615913391113
1.1124107837677002
1.0770347118377686
1.1417045593261719
1.1979992389678955
1.115699052810669
1.1277844905853271
1.101762294769287
1.127647876739502
0.9631252288818359
1.0125856399536133
1.0490319728851318
1.0779025554656982
0.9948258399963379
1.0681734085083008
2.1843345165252686
2.1421825885772705
2.112337827682495
1.016540765762329
1.0885124206542969
1.040088176727295
2.0996758937835693
2.043513298034668
2.0774505138397217
2.092620372772217
1.1238789558410645
1.212501049041748
1.219219446182251
1.231229305267334
2.2417595386505127
2.284463882446289
2.366105079650879
2.170856237411499
2.379678249359131
2.305475950241089
2.335331439971924
2.3071634769439697
2.2274696826934814
2.1050703525543213
2.3067383766174316
1.018496036529541
1.064826488494873
0.9682247638702393
1.0631916522979736
1.0445034503936768
1.0785126686096191
1.006683111190796
1.0818440914154053
1.0124127864837646
0.996070146560669
0.9960112571716309
1.0762627124786377
1.1964187622070312
1.2237803936004639
1.2318830490112305
1.1852023601531982
1.2185916900634766
1.111665964126587
1.1659536361694336
1.2308123111724854
1.182753324508667
1.1561346054077148
1.1295771598815918
1.1027607917785645
1.1433074474334717
1.0173931121826172
0.9853594303131104
0.9374547004699707
1.0933690071105957
1.0859410762786865
1.059410810470581
1.0318403244018555
1.102463722229004
1.0814800262451172
1.0783758163452148
1.0528624057769775
1.053191900253296
1.0442795753479004
1.1151347160339355
1.0116350650787354
1.0373625755310059
1.0436384677886963
1.0898616313934326
1.1204965114593506
1.1284143924713135
1.043241024017334
1.0360267162322998
1.0156574249267578
1.0304925441741943
1.0095527172088623
0.99151611328125
1.0962960720062256
1.0353901386260986
0.9940786361694336
1.0417964458465576
1.0849609375
1.0558202266693115
1.0214600563049316
1.068434715270996
1.043839931488037
2.1778905391693115
2.142793655395508
0.9852800369262695
1.072505235671997
1.0768427848815918
1.0839953422546387
1.0714287757873535
0.9663212299346924
1.036269187927246
1.054018497467041
0.8749918937683105
1.0016965866088867
1.0239145755767822
1.028012990951538
1.2195587158203125
1.2963032722473145
1.2008204460144043
1.2980618476867676
1.1814169883728027
1.2138843536376953
1.2053704261779785
1.2412452697753906
1.2452023029327393
1.0757274627685547
1.1971638202667236
1.236948013305664
1.1969738006591797
1.1975758075714111
1.1097056865692139
1.038788080215454
1.088134527206421
1.0389518737792969
1.0742831230163574
1.079223871231079
0.9874846935272217
1.026582956314087
1.0196778774261475
1.078601598739624
1.0647714138031006
1.0498673915863037
1.828010082244873
0.9954414367675781
0.9821860790252686
1.047499656677246
0.991408109664917
1.004798173904419
1.2614150047302246
1.198838233947754
1.2270545959472656
2.8830885887145996
1.1494452953338623
1.1913137435913086
1.2464075088500977
1.1245501041412354
1.177238941192627
1.1686108112335205
1.290123701095581
1.2371363639831543
1.2393298149108887
1.2137577533721924
1.1925184726715088
1.2524993419647217
1.1448485851287842
1.2581727504730225
1.1800832748413086
1.2411329746246338
1.1337065696716309
1.2294507026672363
1.2372424602508545
1.1959550380706787
1.1754190921783447
1.2232303619384766
1.155348539352417
1.217064380645752
1.2345290184020996
1.1182348728179932
1.0948185920715332
1.191704511642456
1.1260879039764404
1.171968936920166
1.220951795578003
1.2139549255371094
1.1094131469726562
1.1435620784759521
1.1560966968536377
2.269554853439331
2.0952000617980957
2.335719585418701
1.2522470951080322
1.2749438285827637
1.2613203525543213
1.26918363571167
2.1897528171539307
2.2829854488372803
2.271393299102783
2.354020357131958
2.5924553871154785
2.166959762573242
2.0938663482666016
2.300607442855835
2.0973286628723145
2.142054319381714
2.1998913288116455
1.0726490020751953
1.0651381015777588
1.0008087158203125
0.996056318283081
1.0427076816558838
1.0408945083618164
1.002943992614746
2.1092453002929688
1.182988166809082
1.12850022315979
1.2456300258636475
1.2026073932647705
1.0784616470336914
1.1559336185455322
1.1971306800842285
2.2004787921905518
2.185500383377075
2.237074851989746
2.9991836547851562
2.2323074340820312
2.2337987422943115
2.212838649749756
2.336404800415039
1.1784069538116455
1.251894235610962
1.1711270809173584
1.219205379486084
1.1592497825622559
1.165358066558838
1.171839952468872
1.1480982303619385
1.2510554790496826
2.6428937911987305
2.239582061767578
2.315019369125366
2.2976737022399902
1.0717840194702148
1.1801073551177979
1.0845725536346436
1.034980297088623
2.1765403747558594
2.236424207687378
2.0615739822387695
2.226257801055908
2.231773853302002
2.221928358078003
1.0234177112579346
1.034801959991455
1.0136973857879639
2.2761378288269043
2.141683578491211
2.1316869258880615
2.2451581954956055
