8.142654418945312
8.49136757850647
12.082238912582397
33.73180389404297
22.661325454711914
20.692894220352173
43.86984395980835
10.594648838043213
9.529581069946289
12.843366861343384
18.54418683052063
30.119847774505615
7.546082496643066
5.7757408618927
28.766949892044067
23.418357133865356
14.17213225364685
10.816701173782349
18.68460726737976
6.039891004562378
21.949002504348755
9.148368835449219
11.489832878112793
40.71655488014221
25.997249364852905
7.4630937576293945
12.498185634613037
22.034044981002808
37.18267774581909
33.50034523010254
32.11651015281677
44.0901939868927
23.943319082260132
44.406760454177856
38.74919104576111
29.755281686782837
21.66347050666809
