2.040515661239624
1.212780475616455
1.1770141124725342
1.263871431350708
1.2233388423919678
1.2362182140350342
1.2287993431091309
2.270751476287842
2.3054757118225098
2.1504647731781006
2.148123264312744
2.0733931064605713
2.2210795879364014
2.2767839431762695
2.1694090366363525
2.248201847076416
1.1344432830810547
1.049126148223877
1.0601563453674316
1.1205055713653564
1.1086957454681396
2.169708490371704
2.2514805793762207
2.2203073501586914
2.1660563945770264
2.1879522800445557
2.3403279781341553
2.259702682495117
2.238403558731079
1.0333805084228516
0.9984827041625977
0.9979712963104248
1.0780596733093262
1.08139967918396
1.1068181991577148
1.1450610160827637
1.0975120067596436
1.068387508392334
1.0571606159210205
1.0421898365020752
1.1148450374603271
1.2146220207214355
1.2767913341522217
1.1312224864959717
1.1406071186065674
1.0957458019256592
1.1527152061462402
1.2536308765411377
1.1982812881469727
1.1062908172607422
1.1202664375305176
1.182337760925293
1.1147246360778809
1.0478651523590088
1.06117582321167
1.0743162631988525
1.021167516708374
1.009324312210083
0.977081298828125
1.0180768966674805
1.0185627937316895
1.0444281101226807
1.0400288105010986
1.0233545303344727
1.0322933197021484
0.9891421794891357
1.0952463150024414
1.1288926601409912
1.1132192611694336
1.1277227401733398
1.2391698360443115
1.2301249504089355
1.1568913459777832
1.171818494796753
1.100085735321045
1.2560083866119385
1.086258888244629
2.2751729488372803
2.2577667236328125
1.0300729274749756
1.0556154251098633
1.0567221641540527
1.0579595565795898
2.1008057594299316
2.0458478927612305
2.127303123474121
2.15213942527771
1.116649866104126
1.1049542427062988
1.0553960800170898
1.0200088024139404
1.0944640636444092
2.0680792331695557
2.3016934394836426
2.172873020172119
2.1956653594970703
2.283616065979004
1.0456879138946533
1.0344407558441162
1.103731632232666
1.0294227600097656
1.015089511871338
1.0503044128417969
1.0232303142547607
2.1661367416381836
2.07183575630188
1.08725905418396
1.200303554534912
1.0339832305908203
1.109037160873413
1.1020750999450684
0.9851231575012207
2.237934112548828
2.0644516944885254
2.1927742958068848
2.23724102973938
