7.858604192733765
1.771838665008545
8.920107126235962
4.010585069656372
2.910828113555908
11.434150695800781
6.712054491043091
6.883615255355835
1.8579015731811523
1.8259282112121582
1.7605047225952148
7.438848495483398
9.098235130310059
1.7370805740356445
8.964229822158813
7.381847620010376
8.097638845443726
2.97582745552063
6.1053338050842285
15.096524000167847
22.023407459259033
22.357173442840576
7.065157413482666
4.86186957359314
8.862482070922852
5.895711898803711
2.9918758869171143
8.09731125831604
4.570955753326416
2.8402018547058105
6.3903045654296875
8.293925523757935
2.8921408653259277
2.699291944503784
9.130813837051392
8.923926830291748
1.883366584777832
11.512424945831299
7.330711364746094
