1.7783572673797607
2.93141770362854
7.762032985687256
2.860503911972046
13.493484497070312
3.9840147495269775
11.687255144119263
13.580896139144897
1.7596936225891113
8.029419898986816
5.998441696166992
8.315760135650635
22.40242624282837
7.910394668579102
23.261305809020996
21.802875757217407
1.7776386737823486
12.932528495788574
5.635061502456665
7.293794870376587
7.532942533493042
5.675527095794678
12.009831190109253
5.507739067077637
5.848042726516724
12.774657249450684
1.8217589855194092
11.56450867652893
3.8684933185577393
