[6]
[13, 20, 10]
[4, 11]
[9, 12, 21, 20, 8, 17, 9, 16, 10, 21, 1, 2, 15]
[8, 12, 16, 1, 6, 19, 14, 7, 9]
[1, 7, 13, 15, 13, 17, 1]
[3, 17, 9, 1, 11, 10, 4, 13, 17, 2, 12, 1, 9, 10, 18]
[18, 2, 18]
[10, 17, 8]
[18, 10, 9]
[16, 5, 19]
[15, 2, 10, 3, 6, 7, 18, 3, 8, 1, 8, 20, 1]
[1]
[8, 1]
[11, 2, 19, 1, 10, 4, 4, 9, 3]
[20, 4, 17, 13, 13, 15, 16, 4, 17]
[8, 8, 21, 21, 13]
[5, 11, 7]
[8, 12, 6, 11, 10, 17, 1, 13]
[0]
[21, 20, 10, 17, 9, 18, 10]
[16]
[11, 18, 7]
[16, 21, 2, 13, 20, 10, 21, 11, 13, 10, 18, 9, 11, 4, 0]
[18, 8, 4, 10, 18, 14, 18, 17]
[8, 12, 15]
[17, 2, 2]
[17, 12, 15]
[3, 6, 17, 11, 8, 12, 19, 9, 8, 18, 20, 11, 5, 14, 2]
[15, 17, 18, 13, 21, 4, 5, 10, 13, 2, 2, 18, 14, 11]
[19, 18, 21, 3, 7, 12, 4, 19, 19, 19, 14, 19, 3]
[5, 0, 16, 10, 1, 13, 19, 13, 12, 9, 16, 8, 13, 17, 6]
[16, 15, 18, 19, 5, 1, 19, 3]
[5, 4, 20, 21, 21, 8, 17, 0, 21, 11, 7, 12, 15, 3, 9]
[16, 11, 21, 1, 6, 17, 3, 6, 15, 9, 13, 15, 20]
[2, 0, 11, 5, 6, 4, 19, 3, 0, 8]
[13, 19, 13, 13, 10, 9, 1]
