0.00010864874925613403
0.0004133705477952957
0.00022037465006964548
0.0019185022400379182
0.0020013138980229696
0.0016332349126952036
0.00438826922364235
0.0003689549213647843
0.000317611385567983
0.000305192911251386
0.00035994296257062393
0.0022215394869657666
0.00010752379896640778
0.00023632260282039643
0.0009840581216812134
0.0013154092220783236
0.0005527443695306778
0.00027822223083972934
0.001629226242542267
0.00010335573044617971
0.0007535497424125671
0.00011057928657531739
0.0003304656599283219
0.002343100954031944
0.0010100992630720138
0.00041015786509513856
0.00032833695333004
0.0003726557385524114
0.002564617392929395
0.0023461185134921758
0.0026681661159955543
0.004412820315957069
0.0011092251106739044
0.0037067025028149287
0.002521442784399253
0.0023887281279563904
0.0015958837548800879
