1.018263816833496
1.0298247337341309
1.0699436664581299
0.9997358322143555
0.9803109169006348
1.0311932563781738
1.1282014846801758
1.1752808094024658
1.245936632156372
1.1364026069641113
1.268280029296875
1.1438157558441162
1.125967025756836
1.0911836624145508
1.1269145011901855
1.143892526626587
1.1634480953216553
1.1856143474578857
1.0254902839660645
1.0285959243774414
1.024540901184082
1.0787086486816406
1.0376474857330322
1.0583162307739258
1.0757033824920654
2.1195428371429443
2.219547748565674
2.2202298641204834
1.0307989120483398
1.013556957244873
1.042893648147583
2.2766871452331543
2.197725534439087
2.129002094268799
2.133355140686035
1.2440624237060547
1.178206443786621
1.2254078388214111
1.2860252857208252
2.333359479904175
2.223395586013794
2.1938412189483643
2.2669167518615723
2.303652763366699
2.24521803855896
2.3591156005859375
2.251678943634033
2.1870312690734863
2.2668604850769043
2.348446846008301
1.0443754196166992
1.0335111618041992
1.0836808681488037
1.0287065505981445
1.0436837673187256
1.1026651859283447
1.0788466930389404
0.9961390495300293
0.975926399230957
0.956214189529419
1.0382862091064453
0.974212646484375
1.1393086910247803
1.0940847396850586
1.2233614921569824
1.2277319431304932
1.0349299907684326
1.2062957286834717
1.1544737815856934
1.236175775527954
1.0735654830932617
1.397110939025879
1.1917569637298584
1.3016624450683594
1.1873869895935059
0.9213693141937256
1.0393924713134766
0.9856512546539307
1.029456615447998
1.0955853462219238
1.046874761581421
1.0669147968292236
1.079404354095459
1.0903937816619873
1.0543277263641357
1.036874532699585
1.0482313632965088
1.0714342594146729
1.0229296684265137
1.0872218608856201
1.1170167922973633
1.0557150840759277
1.0514109134674072
1.070847511291504
1.2184967994689941
1.1680305004119873
1.0606715679168701
1.0631287097930908
1.0224454402923584
1.0285091400146484
1.0056047439575195
1.01186203956604
1.0836129188537598
0.9385733604431152
1.0515000820159912
1.0484607219696045
1.0353925228118896
0.9591503143310547
1.077099323272705
0.9904739856719971
2.2348132133483887
2.1687793731689453
1.0332129001617432
1.0036444664001465
0.999319314956665
1.052870750427246
1.05478835105896
1.0462825298309326
1.052079439163208
1.0227785110473633
0.9475517272949219
1.0463578701019287
1.0350494384765625
1.0157403945922852
1.2525372505187988
1.2205040454864502
1.2583715915679932
1.1065473556518555
1.4689888954162598
1.2460997104644775
1.1238009929656982
1.169900894165039
1.1606037616729736
1.2865955829620361
1.127591609954834
1.2500710487365723
1.3322820663452148
1.2237725257873535
1.2656314373016357
1.0309853553771973
1.0641014575958252
1.0972373485565186
1.1187398433685303
1.1048104763031006
1.073801040649414
1.0706303119659424
1.09521484375
1.0342836380004883
1.0252764225006104
1.015855073928833
1.0479638576507568
1.0036044120788574
1.0256290435791016
0.9709649085998535
1.0886764526367188
1.0449607372283936
1.2317025661468506
1.2133724689483643
1.1654365062713623
1.2119536399841309
1.2313385009765625
1.2429699897766113
1.1677823066711426
1.1692049503326416
1.257380723953247
1.2665255069732666
1.289609670639038
1.2350947856903076
1.2453441619873047
1.2370669841766357
1.149552345275879
1.170161247253418
1.1962413787841797
1.0981018543243408
1.162031888961792
1.235595941543579
1.1718494892120361
1.215378999710083
1.5032298564910889
1.2302970886230469
1.1205871105194092
1.2405176162719727
1.2794454097747803
1.2293140888214111
1.1322822570800781
1.1272125244140625
1.2237191200256348
1.220050573348999
1.2139461040496826
1.187833547592163
1.2625412940979004
1.1262152194976807
1.0886168479919434
1.1574060916900635
1.190377950668335
2.3094112873077393
2.135385751724243
2.3348422050476074
1.1856610774993896
1.2201640605926514
1.2835125923156738
1.2390882968902588
2.221090078353882
2.2993686199188232
2.2770917415618896
2.3363687992095947
2.321178436279297
2.2538132667541504
2.2594103813171387
2.357849597930908
2.268710136413574
2.2867980003356934
2.2704696655273438
1.0647845268249512
1.060256004333496
1.0033636093139648
1.0694189071655273
1.0323598384857178
1.0418879985809326
1.0309393405914307
2.201917886734009
1.1129543781280518
1.2034049034118652
1.2515864372253418
1.1531760692596436
1.1932880878448486
1.2731120586395264
1.2508680820465088
2.2728476524353027
2.2851145267486572
2.2626562118530273
2.411057233810425
2.323723554611206
2.1541690826416016
2.1125028133392334
2.2096829414367676
1.1642861366271973
1.1503880023956299
1.1622941493988037
1.2426376342773438
1.1171817779541016
1.3741345405578613
1.0826919078826904
1.1333372592926025
1.1954379081726074
2.2864859104156494
2.194537401199341
2.2272980213165283
2.3314309120178223
1.0459535121917725
1.1624221801757812
1.1051390171051025
1.032278299331665
2.3232626914978027
2.239786386489868
2.0209555625915527
2.0469131469726562
2.1563849449157715
2.3411407470703125
1.0896706581115723
1.0093822479248047
1.0596699714660645
2.0896637439727783
2.104140043258667
2.1753294467926025
2.025754690170288
