8.166542530059814
8.745932340621948
12.182589769363403
34.27003002166748
22.57951259613037
21.02089524269104
44.20969557762146
11.053240537643433
9.65173077583313
12.978704929351807
17.749914407730103
29.92366671562195
6.917165994644165
5.694498777389526
28.5309841632843
23.85616707801819
14.205691814422607
10.736632108688354
18.743813276290894
6.044788599014282
21.89542031288147
9.04246711730957
11.742012739181519
40.62741708755493
26.33587908744812
7.437169551849365
11.750909805297852
22.088029384613037
35.20211458206177
33.81820344924927
32.03008317947388
44.34839653968811
24.015323638916016
43.67139554023743
38.432695627212524
31.1963312625885
20.84405493736267
