0.9012572765350342
1.0619139671325684
1.0358788967132568
1.0736024379730225
1.0743937492370605
1.0505082607269287
1.1410725116729736
1.2049939632415771
1.0958099365234375
1.1870789527893066
1.2251152992248535
1.1474931240081787
1.1898410320281982
1.1901569366455078
1.1977546215057373
2.2319259643554688
2.186265707015991
2.3618123531341553
2.1797568798065186
2.3682167530059814
2.2623085975646973
2.2982192039489746
2.137378692626953
2.1109941005706787
2.22290301322937
2.3915328979492188
2.3253695964813232
2.2412426471710205
2.1612308025360107
2.166346788406372
2.3016457557678223
2.1959023475646973
2.2380688190460205
1.0433826446533203
2.18916392326355
2.123525619506836
1.0989463329315186
1.097792148590088
1.022728443145752
1.0394468307495117
1.0186762809753418
1.00883150100708
1.027501106262207
2.1631920337677
2.060908794403076
1.0406091213226318
1.1487171649932861
1.0528862476348877
1.0561246871948242
1.0056085586547852
0.9947280883789062
1.05202054977417
1.0551369190216064
1.1032826900482178
0.9745969772338867
0.9980428218841553
1.0274858474731445
1.0518624782562256
2.075615882873535
2.1288607120513916
1.0493435859680176
1.0614302158355713
1.0360453128814697
1.0193860530853271
1.1285395622253418
1.0240585803985596
2.126805067062378
1.0446300506591797
1.0398290157318115
0.9958286285400391
2.012028217315674
2.018049478530884
2.1178321838378906
1.1935336589813232
1.2794947624206543
2.2277824878692627
2.2735025882720947
2.251572370529175
2.2091293334960938
2.2544660568237305
2.157989978790283
2.3115572929382324
2.2985386848449707
2.267531633377075
2.32336163520813
2.2674989700317383
2.3058207035064697
1.0801832675933838
1.1142659187316895
1.0927553176879883
1.0851011276245117
1.0821166038513184
1.100221872329712
2.1914470195770264
2.146479368209839
1.110614538192749
2.05829119682312
2.2027463912963867
1.0134971141815186
