[13, 4, 6, 8, 8, 17, 18, 22, 11]
[16]
[19, 13, 11, 17, 14, 3]
[22, 1, 16, 5, 22, 20, 0, 13, 4, 17]
[0, 10, 19, 14, 17, 18, 4, 0, 13, 10, 20, 1, 6]
[14, 13, 21, 9, 1, 2, 11, 13, 12, 21, 17, 19, 4]
[18, 21, 10, 7, 16, 20, 6, 18, 3]
[9, 19, 10, 10, 15, 5, 18, 10, 2, 7, 21, 3, 21]
[2, 21, 9, 20, 17, 8, 2, 18, 4]
[20, 12, 11, 11, 22, 10, 4]
[2, 13, 7, 0, 6, 13]
[2, 14, 16, 5, 1, 10, 13, 16, 8, 9, 8, 17, 1]
[12, 9, 3, 17, 22, 11]
[15]
[15, 18, 8, 10, 17, 17, 3, 1, 8, 9]
[5, 13, 21, 21, 13, 10, 7, 20, 17, 9, 4, 20, 0, 7]
[19, 3, 0, 12, 7, 15, 20, 15, 0]
[10]
[20, 2, 21]
[11, 18, 14]
[5, 5, 20, 1, 17, 12, 8, 18, 21, 13, 11, 11, 17]
[22, 20, 14, 9, 1, 17, 8]
[4, 8, 10, 21, 19, 20, 15, 18, 3, 8, 9, 17, 10, 10]
[0, 0, 17, 20, 12, 9, 13, 4, 0, 7, 7, 12, 18, 8, 16]
[4, 20, 10, 4, 16, 11, 8, 4, 9, 16, 9, 22, 8]
[17, 9, 21, 10, 9, 19, 18]
[19, 4, 1, 21, 2, 6, 8, 9, 10, 8, 2, 8, 15, 12, 19]
[5, 18, 19, 6, 14, 7, 10]
[13, 16, 15, 4, 19, 21, 1, 0, 4, 19, 11, 4, 6, 4]
