0.0021611574605411954
0.0003308145090341568
0.0006654026380062104
0.0012547611932516099
0.00393713737648267
0.004281334082944578
0.0011641103732532925
0.0020488591521134747
0.0018064874726851782
0.0024595007736444474
0.0009861660059452058
0.0035416985195728455
0.0011537565944433213
0.00010161738801002502
0.001356961717224121
0.0028815586105142323
0.0020807084953334597
7.055949370861053e-05
0.000303361794757843
0.0003551087493181229
0.002619888370040747
0.0008037929010323116
0.0036236992210251944
0.005177428351306916
0.0029487912352580293
0.0015970966558252063
0.004692526205364863
0.0011560927702869688
0.004294439576683726
