1.0511565208435059
1.0485248565673828
1.1267452239990234
1.0816051959991455
2.1807496547698975
2.074281692504883
2.1614832878112793
2.0768280029296875
2.1570329666137695
1.984490156173706
1.0006580352783203
1.0280835628509521
1.032799243927002
0.9918758869171143
1.0011391639709473
1.0190110206604004
1.1771163940429688
1.0577356815338135
1.109931230545044
1.0629241466522217
1.0227549076080322
1.0580923557281494
1.134049892425537
1.0228004455566406
1.0674819946289062
1.0391368865966797
1.2294704914093018
1.1315853595733643
1.2123966217041016
2.351771593093872
2.2077715396881104
2.234175682067871
2.3782379627227783
2.1237661838531494
2.324594259262085
2.1429214477539062
2.2194809913635254
2.1615607738494873
2.3016793727874756
1.1147639751434326
1.296396017074585
2.3507251739501953
2.361215591430664
2.337538480758667
2.1729938983917236
2.1436595916748047
2.2550048828125
2.128906488418579
2.2060234546661377
2.174766778945923
2.205693244934082
2.1776392459869385
1.015854835510254
1.0133240222930908
1.0326802730560303
1.0578155517578125
1.0521323680877686
1.0530683994293213
1.1174874305725098
1.0570898056030273
2.0743985176086426
1.0719630718231201
1.2159671783447266
1.1379165649414062
1.1380000114440918
1.242356300354004
1.2157633304595947
1.1431951522827148
1.221745491027832
1.2269628047943115
1.1498050689697266
1.1154611110687256
1.0785987377166748
4.197243690490723
1.0483760833740234
1.015794277191162
1.0245306491851807
1.0559492111206055
1.0161705017089844
2.0728445053100586
2.0453338623046875
2.215928792953491
2.050341844558716
2.146984815597534
2.1433956623077393
2.047288417816162
2.145918369293213
1.9982361793518066
2.129938840866089
2.14229154586792
1.002931833267212
0.9698097705841064
1.0252907276153564
1.038217306137085
2.231524705886841
2.1826627254486084
1.1180484294891357
1.088477373123169
1.218864917755127
1.2098126411437988
2.199432373046875
2.2356069087982178
2.3002116680145264
2.0910730361938477
2.2803075313568115
2.3021392822265625
2.192295789718628
2.212470054626465
2.2109358310699463
1.042496681213379
1.067795991897583
1.0352520942687988
1.0784389972686768
2.2788779735565186
2.1481499671936035
0.9523653984069824
1.1161487102508545
1.0585119724273682
1.0834753513336182
1.1046180725097656
1.0851006507873535
1.0853602886199951
1.062354564666748
1.0332825183868408
1.0489230155944824
1.0322620868682861
1.2072370052337646
1.2772321701049805
1.137526512145996
1.1993658542633057
1.0381813049316406
1.2361888885498047
1.090785264968872
1.1549115180969238
1.2370812892913818
2.299450159072876
2.227668046951294
2.103358268737793
2.337813138961792
2.452230215072632
1.0095014572143555
1.0640535354614258
1.0891058444976807
0.9727771282196045
2.0612633228302
2.0075900554656982
2.0344696044921875
2.0018255710601807
2.1609950065612793
1.057863473892212
1.011857509613037
1.0085246562957764
1.0122249126434326
1.0778698921203613
1.011328935623169
0.9537210464477539
1.1358461380004883
1.0743153095245361
1.1567986011505127
1.1178066730499268
1.1934542655944824
1.2546021938323975
1.1779735088348389
1.1431176662445068
1.1231417655944824
1.1269865036010742
1.1774017810821533
2.346759557723999
2.2858872413635254
1.019399642944336
1.0978732109069824
1.0470521450042725
1.0325100421905518
1.0366039276123047
1.067335844039917
1.03597092628479
1.2251195907592773
1.2182626724243164
1.1293904781341553
1.1455600261688232
1.1848194599151611
1.1935663223266602
2.4319143295288086
2.5025339126586914
2.3627707958221436
2.3311779499053955
2.3094370365142822
2.4121499061584473
2.3433151245117188
2.444230556488037
1.1733174324035645
1.162383794784546
2.2744672298431396
2.2644801139831543
2.3229665756225586
2.325181722640991
2.200014114379883
2.2027761936187744
2.3748111724853516
2.3741111755371094
2.3504788875579834
2.3434321880340576
2.3118772506713867
2.2571794986724854
2.4147098064422607
1.2009472846984863
1.2278757095336914
1.1759705543518066
1.0931942462921143
1.2085394859313965
1.1496429443359375
1.1690654754638672
2.2138993740081787
2.3459603786468506
2.212092876434326
2.294064998626709
2.134579658508301
2.26749849319458
1.0868380069732666
0.9768352508544922
1.0195508003234863
2.1786935329437256
2.08569598197937
2.087386131286621
2.127392053604126
1.089965581893921
1.2089638710021973
1.2278666496276855
2.227595806121826
2.326429843902588
2.253608465194702
2.1492056846618652
2.2057511806488037
2.2267513275146484
2.3365612030029297
2.2242519855499268
2.2347090244293213
2.218871593475342
2.349975109100342
2.3162729740142822
1.0159311294555664
1.0056445598602295
0.9611611366271973
0.9638409614562988
1.0560107231140137
2.1436376571655273
2.1889328956604004
1.153078556060791
1.112586259841919
1.1570031642913818
2.228501796722412
2.1645984649658203
2.1339917182922363
2.2503280639648438
2.2253541946411133
2.241643190383911
2.270261287689209
2.3250954151153564
2.233093500137329
2.3571949005126953
2.3233656883239746
