26.780624389648438
3.781834602355957
19.152069568634033
28.694092512130737
38.56925988197327
38.23334527015686
26.52506184577942
40.903876543045044
26.66862916946411
21.027645111083984
18.07842469215393
38.45164442062378
18.447770595550537
8.011033058166504
25.237449169158936
41.55272316932678
26.532601833343506
4.974608659744263
12.783564805984497
12.815506935119629
31.10631513595581
21.826331853866577
43.760520458221436
44.71457076072693
38.33926272392273
20.83686351776123
44.02880811691284
21.367098569869995
41.050922870635986
