6.628614902496338
6.57092547416687
7.792253017425537
2.8560633659362793
6.682392597198486
7.8160483837127686
6.713468074798584
7.42985463142395
5.958078384399414
2.889604091644287
11.456584930419922
4.642510414123535
9.265289306640625
8.735891103744507
1.7585642337799072
6.697044372558594
16.666547060012817
5.665343999862671
5.639969825744629
8.164656400680542
12.359059810638428
8.867779731750488
2.908311128616333
11.654908657073975
1.7013633251190186
6.416572570800781
6.312653064727783
6.229217052459717
11.316493272781372
21.427055835723877
5.61311149597168
7.721591472625732
2.8351938724517822
2.9367802143096924
8.362363576889038
