0.0016859862588723498
0.005250202371668816
0.0024774086622311522
0.0016213717726872518
0.0006281013275059788
0.0006470778494856574
0.0011074676982164382
0.00090339934258461
0.00033608476052284246
0.0008328081395705541
0.0010745819865226745
0.001602818951559067
0.00032864937291145327
0.0001501475400209427
0.00010827850885656144
0.0010957397100448609
0.0011948480714797974
0.0011745456584188673
0.001801433279744784
0.0028012299891710286
0.004708961210775376
0.003997299209205921
0.0003350408799713308
