1.0486278533935547
1.1004202365875244
1.075688362121582
0.9959549903869629
1.0634312629699707
0.9962294101715088
2.125568389892578
2.0639913082122803
2.1718246936798096
2.1822164058685303
2.32393479347229
2.197054624557495
2.378523349761963
2.283189535140991
2.149566411972046
2.3163034915924072
2.2573843002319336
2.277663469314575
2.2018485069274902
2.274033784866333
2.1302475929260254
2.179608106613159
2.3433408737182617
1.1903572082519531
1.2052733898162842
1.083892583847046
1.1408038139343262
1.223137378692627
1.0254549980163574
1.095905065536499
1.23616361618042
1.2037575244903564
2.2662715911865234
2.2850611209869385
2.1581037044525146
2.204582691192627
1.1293115615844727
1.1690151691436768
1.169590711593628
1.2082266807556152
1.0944099426269531
1.134772777557373
1.209230661392212
1.1407697200775146
1.1996650695800781
1.2202191352844238
1.192901849746704
1.2818937301635742
1.267909049987793
0.9895691871643066
1.043785810470581
1.0619792938232422
1.078380823135376
1.0066962242126465
1.0698833465576172
1.0108373165130615
1.0418014526367188
1.0657439231872559
1.0085694789886475
1.081594705581665
1.060765266418457
1.0045571327209473
1.0908679962158203
1.1140758991241455
1.0530169010162354
1.021275281906128
1.0550382137298584
1.0746827125549316
1.0155894756317139
1.0559682846069336
1.0166258811950684
1.0652048587799072
1.0588173866271973
1.0159945487976074
1.0222787857055664
1.059833288192749
0.99637770652771
1.1141247749328613
1.0393078327178955
1.0464510917663574
1.0617477893829346
1.088235855102539
0.9979696273803711
0.9947850704193115
1.0553104877471924
1.0302543640136719
1.0214860439300537
1.0662169456481934
1.0468268394470215
1.0535531044006348
1.0243406295776367
1.0351035594940186
1.0394165515899658
1.1089966297149658
1.0699470043182373
1.006201982498169
1.0794224739074707
1.0866289138793945
1.03422212600708
1.0864994525909424
1.1067743301391602
1.0362977981567383
1.0175280570983887
1.0363600254058838
1.0262372493743896
0.900705099105835
0.9742143154144287
1.0578320026397705
1.050018548965454
1.0690593719482422
1.0749435424804688
1.08937668800354
1.035515546798706
1.0258827209472656
1.078329086303711
1.0364158153533936
1.132300853729248
1.0521399974822998
1.0545246601104736
1.0870869159698486
1.0246319770812988
1.0710480213165283
0.9740893840789795
1.0400869846343994
1.037778615951538
1.0341510772705078
1.1024441719055176
1.106886386871338
1.0712919235229492
1.1344687938690186
1.0630114078521729
1.0171794891357422
1.0546369552612305
1.0768749713897705
1.0599725246429443
1.047436237335205
1.0540010929107666
1.0400450229644775
1.071429967880249
2.1270768642425537
2.0466878414154053
1.0376954078674316
2.0980029106140137
2.1056649684906006
2.1918396949768066
2.126004457473755
2.0713813304901123
2.0689523220062256
2.1871118545532227
2.117396116256714
1.1788160800933838
1.251554250717163
1.17277193069458
2.196695566177368
2.248570442199707
2.3225209712982178
2.0902950763702393
2.0632948875427246
2.322936773300171
2.3301150798797607
2.2933976650238037
2.273077964782715
2.2478582859039307
2.390362501144409
2.321674346923828
1.218829870223999
1.2455356121063232
1.1188783645629883
2.3373680114746094
2.5726351737976074
2.270050048828125
2.2425081729888916
2.1668543815612793
2.2316665649414062
2.1298422813415527
2.163491725921631
2.32729172706604
2.39205265045166
1.0758793354034424
1.1173884868621826
1.0575478076934814
