[16, 12, 16]
[14, 1, 10, 5, 6, 9, 13, 6, 14]
[1, 11, 1, 9, 9, 3, 20, 6, 9, 8]
[13, 5, 9, 2, 5, 8, 9, 20, 6]
[11, 11, 10, 12, 16, 13, 5]
[5, 18, 2, 5, 7, 12, 9, 11, 14]
[8, 16, 7, 1, 20, 19]
[5, 2, 12, 0, 17, 16, 0, 15, 20, 17]
[20, 10, 16, 8, 14, 9, 14, 15, 18]
[14, 5, 10, 9, 5, 12, 12, 1, 11]
[5, 13, 8, 16, 5, 18, 9]
[10, 7, 20, 16, 11, 13, 10, 7, 6]
[16, 9, 6, 17, 13, 2, 8, 4, 16, 2, 6, 20, 15, 11, 11]
[14, 19, 1, 12, 9, 8, 15, 11, 15, 11]
[14, 1, 7, 2, 1, 16, 18, 11, 0, 18, 4, 16, 19]
[5, 14, 14, 15, 1, 3, 19]
[13, 6, 20, 14, 0, 20, 6]
[3, 6, 11, 19, 3, 3, 3, 18, 8, 16, 0, 10, 19, 3]
[12, 5, 6, 3, 8, 20, 20, 3, 11, 6, 2, 7, 3, 13]
[8, 3, 4, 4, 2, 4, 20, 0, 13, 17]
[18, 20, 1, 16, 19, 3, 3, 3, 4]
[16, 14, 14]
[0, 12, 20, 17, 9, 12, 13]
[19]
[1, 13, 16, 13, 12, 8, 6, 2, 10]
[4, 1, 15, 14, 7, 9, 8, 5]
[10, 11, 7]
[18, 14, 13, 6, 8]
[6, 4, 5, 19, 11, 15]
[4, 5, 9, 7, 4, 2, 20, 20, 19]
[8, 14, 10, 17, 11, 17, 1, 16, 11]
[16, 14, 9, 12, 18, 6, 16, 4, 0, 5, 5, 1, 11, 5]
[0, 9, 14, 10, 18, 1, 20, 19]
[15, 17, 4, 20, 16, 1, 16, 0, 13, 2, 4, 16, 10, 9, 5]
[3, 9, 14, 15, 0, 17, 20, 20, 1, 20, 2, 4, 5]
