0.00034429629493781496
0.0020061533855835595
0.001373064241218567
0.003222410030269623
0.0008026239523861143
0.0010628531455728744
0.0007302635139942169
0.0011244142315084285
0.0012776405735969542
0.0010317186149279279
0.0010023455234629767
0.0014088166996664472
0.002674239031338692
0.0013991779941558838
0.0036443923630017504
0.0007884445197173527
0.0009040087410994938
0.0038770028760228836
0.003279338694538389
0.0019051197742938994
0.0010215805527778773
0.0003003100213845571
0.0007738360096931458
0.00011213374143513766
0.0009827600906870582
0.0012002572137355806
0.0003510885172923406
0.0005744065099954605
0.0006814947732516698
0.0012601141759316127
0.0011968710120227601
0.0026513723195416587
0.0010801505526542663
0.00349241805574894
0.0033975556428670886
