1.0323615074157715
1.0404980182647705
1.0697588920593262
1.0938398838043213
1.0299878120422363
1.1191296577453613
1.082676649093628
1.0608670711517334
1.1077325344085693
2.1538634300231934
2.0815281867980957
2.1643121242523193
1.053297996520996
1.0550811290740967
1.1120779514312744
1.0217466354370117
1.0690979957580566
1.0683350563049316
1.0624022483825684
1.0945615768432617
1.0193257331848145
2.209834098815918
2.1521451473236084
2.1687111854553223
2.249333381652832
2.1141655445098877
2.168388843536377
2.110771656036377
2.083752393722534
2.1525163650512695
2.1308095455169678
1.0417935848236084
0.9852702617645264
1.015549659729004
1.0664348602294922
1.040140151977539
1.0161190032958984
1.0561416149139404
1.0697252750396729
1.0460035800933838
1.1011929512023926
1.0225863456726074
1.0551910400390625
1.097137212753296
1.0731658935546875
1.0566294193267822
1.041177749633789
1.009413242340088
1.0470168590545654
1.0217769145965576
1.0297420024871826
1.0593972206115723
1.0902674198150635
1.0464749336242676
1.118967056274414
1.053776502609253
1.0854840278625488
1.1319541931152344
1.1374919414520264
1.0636513233184814
1.0675580501556396
1.0720491409301758
1.132495403289795
1.0189547538757324
1.0578358173370361
1.069197416305542
1.0763707160949707
1.040395975112915
1.0698022842407227
1.0982286930084229
1.0752489566802979
1.0738747119903564
1.085463523864746
1.0634005069732666
1.0516462326049805
1.0775883197784424
1.0506908893585205
1.024078130722046
1.0157952308654785
1.089233636856079
1.0627305507659912
1.0199222564697266
1.0331058502197266
1.0614736080169678
1.0526955127716064
1.0505597591400146
1.0387728214263916
1.0000827312469482
1.0952434539794922
1.0204036235809326
1.0640003681182861
1.0139706134796143
1.0821373462677002
1.0684914588928223
1.0223934650421143
2.070411205291748
2.0864877700805664
1.2047245502471924
1.1122510433197021
1.2850048542022705
1.2529072761535645
1.108424425125122
1.229865312576294
1.1310627460479736
1.235978364944458
1.2264227867126465
1.2717180252075195
1.1104459762573242
1.0712847709655762
2.3325772285461426
2.2260615825653076
2.3081300258636475
1.0917773246765137
1.0619874000549316
1.0285518169403076
1.1610736846923828
1.0519680976867676
1.0303125381469727
1.084244728088379
1.1071720123291016
1.0535187721252441
2.318922281265259
1.207392930984497
1.2048687934875488
1.2049648761749268
1.0673656463623047
2.1595582962036133
2.3897266387939453
2.301387310028076
2.204259157180786
2.273622751235962
2.2537262439727783
2.4967331886291504
2.284191131591797
2.326902151107788
1.0485243797302246
1.0339787006378174
1.0416548252105713
1.0697932243347168
0.9593296051025391
1.0559861660003662
0.9873840808868408
1.0335674285888672
0.9408559799194336
0.9843144416809082
1.0292139053344727
1.0435469150543213
1.0094773769378662
2.210505485534668
1.1458954811096191
1.1644999980926514
1.1264257431030273
1.2161011695861816
1.1484580039978027
1.2746238708496094
2.4528112411499023
2.340545892715454
2.429680347442627
2.4315855503082275
2.5289599895477295
2.442929744720459
2.466136932373047
2.519339084625244
1.0402987003326416
1.1506366729736328
1.2131848335266113
1.2198870182037354
1.1444528102874756
1.0988483428955078
1.1050100326538086
2.252993106842041
2.215804100036621
2.1737730503082275
2.2396578788757324
2.2102715969085693
2.3749027252197266
2.3014838695526123
1.1205687522888184
0.9909789562225342
1.0787882804870605
1.1605205535888672
1.0197193622589111
1.1434218883514404
2.148977279663086
2.0668184757232666
2.1716268062591553
2.1350419521331787
1.075639009475708
1.0823962688446045
1.1920909881591797
1.0833837985992432
1.143601655960083
1.0143756866455078
1.0067517757415771
1.0556485652923584
1.0605056285858154
1.036168098449707
0.9665515422821045
0.9993798732757568
0.9818270206451416
1.0203802585601807
1.0608277320861816
1.0582234859466553
0.9897048473358154
1.013291597366333
1.0166494846343994
0.9248490333557129
1.0359294414520264
1.00675630569458
1.0064020156860352
1.067995309829712
1.1681015491485596
1.029998779296875
1.0206899642944336
1.1440694332122803
1.0555260181427002
1.066354751586914
1.0544698238372803
1.063554048538208
1.0843415260314941
1.0437474250793457
1.0537395477294922
1.0665664672851562
1.0376372337341309
1.0568642616271973
1.099358320236206
1.0026264190673828
1.0774450302124023
1.046321153640747
1.047581672668457
1.0503616333007812
1.0212759971618652
1.040137767791748
1.0388541221618652
1.0531342029571533
1.0412256717681885
1.0347108840942383
1.012387752532959
1.0061469078063965
1.071516752243042
1.0111584663391113
1.0908305644989014
1.0707721710205078
1.0824594497680664
1.0281929969787598
1.0407097339630127
1.0467071533203125
1.1079936027526855
1.09340500831604
1.0394532680511475
1.0824487209320068
1.097933053970337
1.0500576496124268
1.1635303497314453
1.0903151035308838
1.0647742748260498
1.0979421138763428
1.1824672222137451
1.2394919395446777
1.2714476585388184
1.315368413925171
1.2193522453308105
1.187077283859253
1.070512294769287
1.164032220840454
1.1365416049957275
1.1269571781158447
1.2276298999786377
1.1376192569732666
1.240631341934204
1.0984702110290527
0.9943056106567383
0.9943137168884277
1.0411264896392822
1.0139644145965576
1.1090538501739502
1.0361297130584717
1.0729343891143799
1.2336180210113525
1.142317295074463
1.2530508041381836
1.2103009223937988
1.143904685974121
1.267524003982544
1.2366173267364502
1.1130242347717285
1.2614529132843018
1.3288612365722656
2.3601937294006348
2.102184772491455
2.3628323078155518
2.4659266471862793
2.3247218132019043
1.016202449798584
1.1929609775543213
1.270897388458252
1.1217751502990723
1.1169090270996094
2.236787796020508
2.2860360145568848
2.288541793823242
2.302443265914917
2.0887961387634277
2.2396397590637207
2.2675018310546875
2.227565050125122
