13.822871446609497
22.347774028778076
29.77941918373108
26.98359513282776
23.35154628753662
26.66762089729309
18.17959427833557
30.661526203155518
23.669679164886475
30.56474494934082
17.911489963531494
26.56485152244568
44.315197467803955
29.489890813827515
39.03458261489868
20.77250051498413
21.047290325164795
43.79318976402283
42.3397912979126
29.49125576019287
30.773353815078735
9.60961651802063
26.088931560516357
14.355890989303589
28.77161741256714
20.05723786354065
16.461742877960205
17.314990758895874
19.184112548828125
23.48585343360901
24.657190322875977
28.6994206905365
20.53255867958069
37.59240794181824
38.454787492752075
