[0, 23, 8, 0, 15, 14, 9, 10, 16, 10, 4, 21, 22]
[1, 20, 2, 22, 12, 16, 11, 14, 19, 7, 1, 16, 1]
[23, 26, 12, 4, 4, 0, 3, 8, 26, 13, 26, 0, 13, 20, 4]
[9]
[1, 20, 2, 16, 15, 2, 22, 5, 23, 25, 16, 17, 17]
[19]
[15, 13, 1, 0, 2, 25, 25, 1, 21, 19]
[3, 17, 20, 26, 24, 5, 1, 21, 12, 14, 9, 26, 19, 5]
[20, 16, 9, 26, 2, 17, 3, 6, 0, 17, 24, 17, 10, 18]
[20, 22, 11, 20, 26, 16, 20, 21, 0]
[10, 8, 18, 6, 6, 10, 6, 18, 1]
[12, 13, 16]
[0]
[3, 8]
[23, 17, 11, 25, 5, 17, 21]
[3, 26, 13, 23, 24, 13, 1]
[17, 11, 23, 18, 11, 1]
[20, 9]
[12, 11, 5, 5, 24, 16, 25, 20, 9]
[19, 22, 26, 4, 22, 19, 26]
[1, 9, 1]
[0]
[18]
[5]
[25]
[7, 0, 23, 1, 22]
[19]
[22, 5, 21, 17, 20, 5, 0, 19, 22]
