0.0036941045297824424
0.0036651062841928923
0.005216946584693591
0.00011142577432564326
0.0030960555653902202
0.0001116891082763672
0.0018871028671264651
0.0031871336551257544
0.004361609251083647
0.0023127926391787
0.0024455192037741345
0.0003360267929145268
0.00010038142380714416
0.00019838501690228776
0.000772646732871349
0.0010067499050106321
0.0007174044622421265
0.00020576075995763142
0.0010252277390241623
0.00102412659643037
0.0002911480422019959
9.668107626438141e-05
8.454785282611847e-05
9.792448585828144e-05
6.284608807563781e-05
0.0005628186910663332
0.00010244299840132394
0.0010622853536314434
