1.1115577220916748
1.2024962902069092
1.1626763343811035
1.0481204986572266
2.1140356063842773
2.221207857131958
2.2032253742218018
2.1959729194641113
2.281785726547241
2.1543455123901367
2.2733442783355713
2.181368112564087
2.263141632080078
1.0822982788085938
1.1886518001556396
1.1245224475860596
1.1553764343261719
2.2458090782165527
2.2244608402252197
2.036559581756592
2.293046236038208
2.1563332080841064
2.2270443439483643
2.110801935195923
2.1422550678253174
2.2344775199890137
1.1980617046356201
2.23590087890625
2.229135036468506
2.1589789390563965
2.430156946182251
2.2878406047821045
2.2804946899414062
2.2189135551452637
2.3801229000091553
2.1173861026763916
2.282297134399414
2.172743797302246
2.130431652069092
2.186112880706787
2.2905478477478027
1.0170562267303467
1.1122398376464844
1.1259315013885498
1.1120593547821045
1.1126470565795898
1.2164943218231201
1.2809867858886719
1.1595869064331055
1.1789426803588867
2.3549983501434326
2.203326940536499
2.2007203102111816
2.213834762573242
2.1891748905181885
0.957061767578125
1.0382544994354248
1.0521936416625977
1.1123340129852295
1.1818232536315918
1.1761689186096191
1.1503777503967285
1.0521206855773926
3.9469399452209473
1.0338237285614014
1.0606663227081299
1.2035934925079346
1.311152458190918
1.166236400604248
1.1894276142120361
1.123795986175537
1.2503931522369385
1.1995832920074463
1.051332712173462
2.284893751144409
2.239755868911743
2.254687547683716
2.315580368041992
2.1900126934051514
2.2932288646698
1.2414894104003906
1.1857280731201172
1.108790636062622
2.2244205474853516
2.3724746704101562
2.2010738849639893
2.2959628105163574
2.2206172943115234
2.3211843967437744
2.2979624271392822
2.2761361598968506
2.2586536407470703
2.269549608230591
2.342757225036621
1.0554797649383545
1.0792534351348877
1.0319337844848633
2.2211766242980957
2.1548244953155518
2.1434028148651123
2.058242082595825
2.1298439502716064
2.1337902545928955
1.0760807991027832
1.0344319343566895
2.100430965423584
2.2044315338134766
2.0804102420806885
2.213162422180176
2.145447015762329
2.0786972045898438
1.9935193061828613
1.059406042098999
0.9682385921478271
1.0394926071166992
0.9633533954620361
0.9846348762512207
0.9985542297363281
0.9907729625701904
1.0365347862243652
1.0466892719268799
1.054368495941162
1.0883009433746338
1.104369878768921
1.026200532913208
0.9939467906951904
1.0375361442565918
1.1680779457092285
0.99161696434021
1.071906566619873
1.0322134494781494
0.9932007789611816
1.0162675380706787
1.0192670822143555
1.0302386283874512
1.0185317993164062
1.0294523239135742
1.0336673259735107
1.0887134075164795
0.9682085514068604
1.08229398727417
1.000450849533081
1.0825021266937256
1.0861611366271973
1.060232400894165
1.0544278621673584
1.0664012432098389
1.1605887413024902
1.015449047088623
1.0688426494598389
1.0363256931304932
1.0152661800384521
1.0987565517425537
1.074629306793213
1.0779902935028076
1.0424888134002686
1.1062889099121094
0.9870781898498535
1.0816388130187988
0.9664885997772217
0.9220049381256104
0.9789185523986816
0.9422202110290527
1.013502597808838
1.0559742450714111
1.054915428161621
1.0322914123535156
0.980532169342041
1.0240886211395264
1.0325758457183838
1.0543196201324463
1.096578598022461
1.0904181003570557
1.0611662864685059
1.062713861465454
1.048830509185791
1.0679023265838623
1.0431957244873047
