38.09147381782532
37.981724977493286
43.90181636810303
10.442466735839844
32.2169976234436
9.089970111846924
27.16989517211914
41.24194264411926
40.831186056137085
26.565433979034424
26.39439082145691
13.448472499847412
11.347675323486328
7.765480279922485
27.628917694091797
17.688039779663086
16.164483070373535
8.0044584274292
28.474623441696167
16.97555685043335
10.772412776947021
6.05952262878418
7.113672256469727
6.076326847076416
3.9120423793792725
17.25498867034912
6.0809266567230225
25.397754192352295
