1.1403756141662598
1.0580041408538818
2.1718156337738037
2.2379446029663086
2.2041726112365723
2.2151458263397217
2.0990681648254395
2.199479818344116
2.1896722316741943
2.3401973247528076
2.2113842964172363
2.2273542881011963
2.256927728652954
2.2870545387268066
2.1088130474090576
2.254596471786499
2.1166086196899414
2.2014923095703125
2.2178585529327393
2.2926201820373535
2.169570207595825
2.2638823986053467
2.09399676322937
1.0830821990966797
1.1724755764007568
1.0871245861053467
3.002096652984619
2.414823293685913
2.2563467025756836
2.275010108947754
2.2063653469085693
2.2594685554504395
2.2380480766296387
2.1698739528656006
5.125474214553833
2.3261091709136963
0.945105791091919
0.9911448955535889
1.053147315979004
1.053755760192871
1.087109088897705
1.0796968936920166
1.1553359031677246
1.091933250427246
1.1316545009613037
1.0237677097320557
0.9404451847076416
0.9753527641296387
1.0433292388916016
0.9885752201080322
2.1653177738189697
1.161510705947876
1.1858162879943848
1.1698827743530273
1.2590312957763672
1.1288490295410156
1.1403400897979736
1.1383631229400635
2.286238670349121
2.235698699951172
2.227356195449829
2.2413973808288574
2.0972166061401367
2.250697612762451
0.9917013645172119
1.0013160705566406
2.0519096851348877
1.9943840503692627
2.0736827850341797
2.2471892833709717
2.2078068256378174
1.1268975734710693
1.1901962757110596
1.0705621242523193
1.101597547531128
2.1959452629089355
2.2146472930908203
2.2634165287017822
2.354135513305664
2.2318782806396484
2.333228826522827
2.317898988723755
2.250156879425049
2.296201467514038
2.38797664642334
0.9437048435211182
1.0210988521575928
1.0597889423370361
1.0024096965789795
1.0660057067871094
1.1628460884094238
1.104170799255371
1.2197990417480469
1.2258129119873047
1.1475939750671387
1.0835301876068115
1.2168331146240234
1.1238720417022705
2.302469253540039
2.25960373878479
2.2364609241485596
2.2280399799346924
2.283632278442383
2.2654671669006348
2.1386704444885254
2.1346755027770996
1.070328712463379
1.071518898010254
2.1347782611846924
2.189856767654419
2.0722312927246094
2.0765302181243896
2.132758617401123
1.0220658779144287
1.0881917476654053
1.0882441997528076
1.0766537189483643
1.0408329963684082
1.0132558345794678
0.966912031173706
