7.450270891189575
8.685871839523315
8.309958457946777
5.878938913345337
2.8485915660858154
13.73580288887024
11.724849224090576
7.900537967681885
6.3366477489471436
7.726047992706299
5.5799195766448975
6.447596311569214
7.352257013320923
8.344284057617188
8.610285520553589
7.406217098236084
5.7053868770599365
6.052090406417847
2.9141321182250977
4.088021993637085
6.062835931777954
13.023478269577026
2.918545961380005
8.772968530654907
10.66667366027832
7.873126983642578
1.6614387035369873
7.526776552200317
11.495614767074585
8.255096435546875
9.516966104507446
10.091141700744629
2.977461814880371
8.917279720306396
8.462793350219727
7.477831602096558
7.441776990890503
2.8961892127990723
22.749887704849243
2.933748960494995
7.915563344955444
2.828986883163452
5.979372978210449
2.912968635559082
2.8460028171539307
22.339075803756714
2.985231637954712
1.793194055557251
1.8207976818084717
13.879870653152466
11.558343648910522
1.870837688446045
1.8022730350494385
5.533076286315918
8.374224424362183
4.011814117431641
4.012673854827881
1.7276599407196045
