1.0153400897979736
1.0398836135864258
1.0260775089263916
0.9480795860290527
1.12386155128479
1.142540693283081
1.1392223834991455
1.1943163871765137
1.168853521347046
1.182893991470337
1.119067668914795
1.2821133136749268
1.1809628009796143
1.1783664226531982
1.140315055847168
1.2303471565246582
1.1519286632537842
1.1142113208770752
1.245389699935913
1.118117332458496
1.1593348979949951
1.140892744064331
1.0626766681671143
1.183835744857788
1.0212857723236084
1.1780846118927002
1.119746446609497
1.171678066253662
1.128427505493164
2.2839343547821045
1.073221206665039
1.0593371391296387
1.0475420951843262
1.0471909046173096
1.0290586948394775
2.051935911178589
2.299834966659546
0.9962713718414307
1.0790350437164307
1.0360615253448486
1.2141942977905273
1.2740135192871094
1.1255040168762207
2.415769338607788
2.2274169921875
2.2357003688812256
2.2879104614257812
2.1518776416778564
2.250455617904663
2.200972557067871
2.175651788711548
2.2798099517822266
2.0669426918029785
2.368595600128174
2.267544746398926
1.0754010677337646
1.054865837097168
1.0326886177062988
1.0808546543121338
2.09189772605896
2.1968860626220703
2.155075788497925
2.1827399730682373
1.0683939456939697
1.0433080196380615
1.0698435306549072
1.0325477123260498
1.0483403205871582
1.001589298248291
2.2036526203155518
1.0159757137298584
1.0032894611358643
1.010740041732788
1.0323545932769775
1.0466415882110596
1.0692260265350342
1.0300216674804688
1.1187763214111328
1.0747394561767578
1.0314137935638428
1.075552225112915
1.0665583610534668
1.0257549285888672
1.0538012981414795
1.052300214767456
1.0364978313446045
1.115443468093872
1.0254755020141602
1.0036845207214355
1.049060344696045
1.010481834411621
1.0203146934509277
0.9483375549316406
0.9906048774719238
0.9852700233459473
0.9990572929382324
1.0538122653961182
1.0107042789459229
1.0414645671844482
1.0222160816192627
1.0173931121826172
1.0428447723388672
1.028264045715332
1.1136748790740967
1.0530128479003906
1.129472255706787
1.023787260055542
1.0913543701171875
1.0781540870666504
4.201570510864258
1.038020372390747
1.069448709487915
1.0707640647888184
1.0278761386871338
1.0738790035247803
1.0347635746002197
1.0269479751586914
