7.322635173797607
10.809646844863892
7.373080015182495
5.71708345413208
5.566398620605469
6.728675127029419
5.580760478973389
10.559376239776611
22.481038570404053
10.227742433547974
1.6608126163482666
1.686720609664917
6.351227521896362
7.859627962112427
1.813983678817749
22.34881901741028
4.845503330230713
2.8419554233551025
10.504173755645752
10.115567445755005
6.872859001159668
8.548129796981812
11.614201307296753
4.634057283401489
7.87959885597229
8.491299152374268
7.417967796325684
7.770071029663086
9.09379243850708
8.865888357162476
5.650561094284058
8.523897171020508
10.262069940567017
11.527132511138916
3.9306750297546387
2.8278558254241943
2.6053764820098877
