[17, 7, 3, 2, 7, 4, 6]
[18, 4, 17, 16, 10]
[15, 15, 1, 9, 21, 25, 14]
[2]
[7, 19, 16, 18, 10]
[17, 15, 7, 25, 17, 15, 17, 9, 6]
[22, 1, 19, 5, 19, 10, 5, 21]
[17, 13]
[6, 14, 16, 24, 10, 1, 25, 1, 2]
[8, 6, 4]
[4]
[0, 16, 8, 3, 20, 4, 3, 8, 21, 6, 18, 6, 7, 0]
[14, 12, 14]
[7]
[9, 20, 14, 7, 13, 17, 20, 8, 21]
[20, 7, 23, 11, 7, 15, 11, 17, 12, 5, 1, 22, 5]
[22, 16, 1]
[20]
[15, 19, 25, 2, 2, 25, 25, 5, 22, 8]
[3]
[18]
[20]
[5, 3, 18, 21, 11, 3, 14]
[9, 24, 21, 3, 14, 14, 8, 13, 11, 11, 20, 22, 18]
