0.0014601971551588605
0.0014124005316495897
0.001736537320641109
0.00010409289969716753
0.0005693018696069717
0.0010635472577730813
0.0011059166299819947
0.00018772985460758208
0.0012619977402210235
0.0007155796731630962
0.00033980985391139987
0.0030312076554911485
0.00035496295444965365
0.00010724221243858338
0.0010629611550913916
0.002767928486620463
0.00031864832739830014
6.820495080947876e-05
0.002717067341423035
6.778723933696746e-05
0.0001042474515914917
6.284427518844604e-05
0.0010206299969775336
0.004892405643463135
