1.0614380836486816
1.0184810161590576
1.031592845916748
1.0338709354400635
2.13407826423645
2.1845040321350098
2.1073246002197266
1.0085902214050293
2.2157092094421387
2.0439131259918213
2.251204013824463
2.108398914337158
1.061549425125122
0.9893176555633545
2.046170949935913
2.0142478942871094
2.112180709838867
2.232753038406372
2.115671157836914
0.9501242637634277
1.062812089920044
1.160686731338501
1.0294291973114014
1.023329257965088
1.0592803955078125
1.0124318599700928
1.0277962684631348
1.0669033527374268
1.1117243766784668
1.033435583114624
1.0435738563537598
1.0871353149414062
1.0546181201934814
1.1314358711242676
1.0296289920806885
1.1357605457305908
1.0343437194824219
1.0809364318847656
1.0686311721801758
1.1012687683105469
1.0254108905792236
1.0837457180023193
1.0588369369506836
0.9883806705474854
1.034498691558838
1.1121704578399658
1.1077780723571777
1.0037431716918945
1.0017192363739014
0.9981164932250977
1.1044597625732422
1.0275189876556396
1.0726125240325928
1.0313091278076172
2.176896572113037
2.1573004722595215
2.0384514331817627
1.1815266609191895
1.1919300556182861
1.2681879997253418
1.123103380203247
1.0994198322296143
1.2522377967834473
1.2058289051055908
1.193077564239502
2.367689371109009
2.2477691173553467
2.2203497886657715
2.248244047164917
2.2306418418884277
2.311506986618042
1.0441398620605469
0.9876763820648193
1.0098543167114258
1.0050816535949707
1.0850491523742676
1.0875227451324463
1.0439822673797607
1.0468370914459229
1.1196403503417969
1.0756456851959229
0.9845654964447021
1.0411436557769775
1.079394817352295
1.1944961547851562
1.1568336486816406
1.1814463138580322
1.1552588939666748
1.1514406204223633
1.1007804870605469
1.2330563068389893
1.2457001209259033
1.1128582954406738
1.0268731117248535
2.23551607131958
2.2406632900238037
2.2575225830078125
1.095308780670166
1.0466785430908203
1.0434341430664062
1.0225629806518555
1.1814134120941162
1.1094775199890137
1.0033180713653564
2.188169479370117
2.1467113494873047
2.198031187057495
2.0708906650543213
2.1808738708496094
2.228607416152954
2.213756799697876
1.0163004398345947
0.9770145416259766
0.9421930313110352
1.150928020477295
1.0944740772247314
1.0597202777862549
1.0362000465393066
1.0025525093078613
1.0115220546722412
1.0335884094238281
2.2935619354248047
2.2865233421325684
2.239037275314331
2.171218156814575
2.3063278198242188
2.2110354900360107
2.385009765625
2.3119778633117676
2.2704646587371826
2.18225359916687
2.2761149406433105
2.1953952312469482
2.219644069671631
