[14, 17, 13, 5, 2, 14, 18, 10]
[6, 0]
[3, 3, 2, 16, 1, 0, 12, 13]
[13, 4, 4, 12, 0]
[14, 18, 18, 13, 10, 7, 2]
[11, 4, 0, 6, 10, 1, 18]
[9, 4, 12, 8, 14, 13, 18, 11]
[9, 17, 11, 2, 5, 18, 3]
[14, 7, 0, 7, 14, 8, 9, 12, 7, 6, 15, 14, 0]
[18, 18, 13, 0, 0, 10, 4, 7]
[3, 4, 0, 2, 6, 18]
[12, 9, 1, 7, 2, 11, 1, 18, 15]
[4, 1, 10, 12, 18, 0, 11, 16, 1, 16, 17, 9, 5, 0, 17]
[6, 14, 16, 17, 7, 4, 4, 4, 0]
[14, 7, 8, 3, 7, 1, 15, 3, 15]
[13, 4, 1, 18, 16, 14, 9, 3, 6]
[14, 2, 7, 10, 16, 9, 17, 8, 2, 0, 11, 15, 6]
[9, 13, 14]
[16, 3, 1, 10, 7, 12, 5, 16, 3]
[4, 17, 1, 5, 16, 11, 10]
[12, 2, 18, 16, 8, 12]
