1.0914952754974365
1.055377721786499
1.0738413333892822
1.0657236576080322
1.0401740074157715
1.0579729080200195
2.1374027729034424
2.2009639739990234
1.0036437511444092
1.03680419921875
1.1276929378509521
1.0562403202056885
1.060748815536499
1.0415410995483398
1.060361385345459
1.0617725849151611
1.0359504222869873
1.0891382694244385
1.0182504653930664
1.0946221351623535
1.0779414176940918
1.071169376373291
1.8465888500213623
1.0827305316925049
1.0661284923553467
1.0073115825653076
1.033872127532959
1.0297520160675049
1.0181682109832764
1.0631651878356934
1.022043228149414
1.071953296661377
1.0706260204315186
1.0527610778808594
1.0420362949371338
1.0510950088500977
1.0411369800567627
1.0498871803283691
1.0646710395812988
1.050685167312622
1.0118625164031982
1.030867576599121
1.0338389873504639
1.0891847610473633
1.0540974140167236
1.064002275466919
1.0335087776184082
1.0324559211730957
1.0247721672058105
1.006814956665039
1.0436644554138184
1.0448434352874756
1.2142384052276611
1.1711156368255615
1.1136014461517334
1.0679304599761963
1.1744520664215088
1.193228006362915
1.1673851013183594
1.1139087677001953
1.1325197219848633
1.0895752906799316
1.1536648273468018
1.0321376323699951
1.2092177867889404
1.007645606994629
1.0760924816131592
1.0299041271209717
1.0663855075836182
1.0457329750061035
1.0015923976898193
1.0104801654815674
1.032632827758789
1.0727317333221436
1.0587174892425537
1.0625360012054443
0.9862239360809326
1.0563886165618896
0.9892401695251465
1.1575734615325928
1.0674769878387451
1.1027579307556152
1.3375625610351562
1.0802881717681885
1.0866193771362305
1.0909168720245361
1.2699313163757324
1.192596435546875
1.2169876098632812
1.317758321762085
1.1191198825836182
1.2585008144378662
1.2188310623168945
1.2148821353912354
1.1522274017333984
1.1130967140197754
1.2318036556243896
1.1660139560699463
1.2803294658660889
1.2058029174804688
1.1428990364074707
1.1625280380249023
1.1568145751953125
1.1151299476623535
1.0403928756713867
1.0558440685272217
1.0730204582214355
2.131721019744873
2.0772180557250977
2.0454628467559814
2.074216842651367
2.1002657413482666
1.0290279388427734
1.00518798828125
1.058882236480713
1.0265421867370605
1.039435863494873
1.063124418258667
2.090724229812622
2.1099681854248047
2.1321630477905273
1.0489635467529297
1.0086371898651123
1.0168635845184326
1.0594875812530518
2.29848313331604
2.1357076168060303
2.204747200012207
2.1190779209136963
2.209977388381958
1.1765878200531006
1.1810903549194336
1.1770198345184326
1.2837371826171875
1.2643775939941406
1.1886005401611328
1.1967988014221191
1.1576735973358154
1.4118964672088623
1.1454551219940186
1.1787891387939453
1.1298763751983643
1.213435173034668
1.062584638595581
1.0833165645599365
1.0407233238220215
1.0218305587768555
1.0734734535217285
1.0783495903015137
1.0490424633026123
1.0880866050720215
1.1055667400360107
1.0574090480804443
1.0457816123962402
1.0879290103912354
1.0559005737304688
0.9922933578491211
1.0431804656982422
1.0884191989898682
1.0156428813934326
1.1152946949005127
2.226527452468872
0.9606325626373291
1.0413782596588135
2.2237586975097656
2.1306228637695312
2.121164321899414
2.192518949508667
