0.0014224865314006806
0.00010250827531814575
9.517810924053192e-05
0.0008389351307789485
0.0016004577695131303
0.001846831971724828
0.00010623041516372136
0.00010400389609336853
0.0002030900587717692
0.0021773520881671177
0.0011031343183517455
0.00042464541475772857
0.0003148210299094518
0.0031536638042284895
0.004201970509386064
0.00011843676654611315
0.0030072430580105097
0.0007244958319028218
0.002469013604177369
0.0022862030077960755
0.002009767325814565
0.002677378738832474
0.001288501467898157
0.0008853414834976198
0.00174618732648577
0.00010017253966331482
0.0012944647643009823
0.0012986584508577984
0.0019009459112337658
0.0008923981822490693
0.0019369416941642762
0.0003207197318553925
0.0019651356475243204
0.0013642992707490922
0.003537788926661932
0.0038009670730454583
0.0027105748854160316
0.0015253010687828064
