1.0769152641296387
1.129126787185669
1.0525047779083252
1.0613293647766113
1.2172231674194336
1.1729073524475098
1.0449793338775635
1.168215274810791
1.0567083358764648
2.2093493938446045
1.0247411727905273
0.9514639377593994
0.9966104030609131
1.0418949127197266
1.0606307983398438
1.0688445568084717
1.037336826324463
1.0785930156707764
1.2642412185668945
1.1360421180725098
1.1013505458831787
1.0989530086517334
1.1683709621429443
1.079106330871582
1.075721025466919
1.0783424377441406
1.034928321838379
1.070582389831543
1.0663354396820068
1.109311819076538
1.0166361331939697
1.071333408355713
1.091646432876587
1.0289537906646729
2.0326297283172607
2.165743350982666
2.114502191543579
2.2170209884643555
0.9696347713470459
0.9747319221496582
1.0390510559082031
0.9911727905273438
1.1321027278900146
1.1802129745483398
1.156334638595581
1.1374800205230713
1.2560575008392334
1.1599938869476318
1.1147925853729248
1.2296581268310547
1.0963914394378662
1.2593598365783691
1.1318025588989258
1.1178512573242188
1.1881451606750488
1.0618500709533691
1.0668835639953613
1.0883407592773438
1.006415605545044
1.1659133434295654
1.0547890663146973
1.0608046054840088
1.0331943035125732
1.055966854095459
1.062802791595459
1.065274953842163
1.0713071823120117
1.0508239269256592
1.0250301361083984
1.1672711372375488
1.2205331325531006
1.089641809463501
1.3743290901184082
1.2227783203125
1.132331371307373
1.132782220840454
2.1916391849517822
2.2299177646636963
2.4002797603607178
2.243673086166382
2.264591932296753
2.28814959526062
1.2484962940216064
1.2551803588867188
1.2390475273132324
1.2506918907165527
1.141953706741333
2.3085408210754395
2.247380256652832
2.348118305206299
2.1212384700775146
2.1972835063934326
2.183013439178467
2.369112730026245
2.282299280166626
2.19193434715271
2.258998155593872
1.081050157546997
1.2437527179718018
1.2660768032073975
1.241119623184204
1.1144180297851562
1.2562885284423828
1.174727201461792
1.2598538398742676
1.0509917736053467
1.1056764125823975
1.1988680362701416
2.2797272205352783
2.134572982788086
2.168541431427002
2.206242322921753
1.0580089092254639
2.2136287689208984
2.1607229709625244
1.0170831680297852
1.195223093032837
2.2153751850128174
2.270676612854004
2.027857780456543
2.0714359283447266
2.050427198410034
2.146681070327759
2.0944674015045166
1.0466382503509521
1.063110113143921
1.0721533298492432
2.1186089515686035
2.055449962615967
2.0883023738861084
2.1711502075195312
2.1102538108825684
2.098240613937378
1.043184518814087
1.1192195415496826
1.0825135707855225
1.0708789825439453
2.1605992317199707
2.043393135070801
2.2055490016937256
2.0988941192626953
2.245255470275879
1.0998740196228027
0.999929666519165
1.064246416091919
2.297624111175537
2.140138864517212
2.1259236335754395
2.093822479248047
2.0673322677612305
2.149885416030884
2.211930274963379
1.0456264019012451
1.052246332168579
1.0524871349334717
1.0425336360931396
1.1055076122283936
0.9805130958557129
1.031261682510376
1.0751712322235107
2.1540632247924805
1.0161666870117188
1.0339701175689697
1.0309274196624756
1.071986198425293
1.0225322246551514
1.0555195808410645
0.9754204750061035
1.0909607410430908
0.9905321598052979
1.0269997119903564
1.0231404304504395
2.1424760818481445
2.004145622253418
2.11181378364563
2.157740354537964
0.9388241767883301
1.0816974639892578
1.0979156494140625
1.1146602630615234
1.0895841121673584
1.0403964519500732
1.0633063316345215
1.0893895626068115
1.07877516746521
1.0503342151641846
1.0718951225280762
0.9951682090759277
1.085495948791504
1.0976247787475586
1.0749132633209229
1.081592082977295
1.0069997310638428
1.2586698532104492
1.0651450157165527
1.030552625656128
1.036712884902954
2.114086866378784
2.094338893890381
2.002204418182373
2.1193768978118896
2.0749566555023193
1.0919740200042725
1.0322329998016357
1.063819408416748
1.0583672523498535
1.0319557189941406
1.0183539390563965
1.0501370429992676
1.0167789459228516
1.0720970630645752
1.0573434829711914
1.058396816253662
1.0574061870574951
2.193013906478882
2.03119158744812
2.077838182449341
2.0139429569244385
1.0543205738067627
1.0118157863616943
1.0117881298065186
1.1368999481201172
1.1893582344055176
1.103158712387085
1.2632877826690674
1.2916603088378906
1.07588791847229
1.283095121383667
1.234067678451538
1.2593247890472412
1.1206910610198975
1.1336383819580078
1.1261391639709473
1.1068646907806396
1.0718069076538086
1.0767521858215332
1.0045576095581055
1.0252199172973633
1.069725513458252
1.116440773010254
1.036695957183838
1.0368554592132568
1.02683424949646
2.2257649898529053
1.0889170169830322
1.0770578384399414
1.152906894683838
1.183342456817627
2.17158842086792
2.2015628814697266
2.271641254425049
2.3442680835723877
2.188422441482544
2.2200851440429688
2.3323981761932373
2.1337387561798096
2.2665252685546875
1.153282642364502
1.1613023281097412
1.1200194358825684
1.1404235363006592
1.1920716762542725
2.3041751384735107
2.29555606842041
2.208615303039551
2.3374884128570557
2.2843687534332275
2.2728233337402344
2.321782350540161
2.115302085876465
2.2573769092559814
1.202179193496704
1.0493712425231934
1.104567050933838
2.1247384548187256
2.159778594970703
2.103504180908203
2.165386199951172
2.0453879833221436
2.218568801879883
2.303511381149292
1.0796666145324707
1.041696310043335
1.0682406425476074
1.0525224208831787
1.0835716724395752
2.1431546211242676
2.1950063705444336
2.1418771743774414
