29.552770853042603
5.923863172531128
5.914386510848999
23.429116010665894
23.31379508972168
26.7649827003479
10.279386281967163
8.176541805267334
11.0735023021698
30.921043634414673
20.622331380844116
7.49583101272583
9.521130084991455
36.36525821685791
43.93466329574585
10.331254005432129
34.90336084365845
9.670153141021729
26.696444988250732
26.463270902633667
27.068150997161865
29.294530868530273
26.828605890274048
26.34943461418152
18.840444326400757
13.78592848777771
22.311107873916626
22.687257051467896
19.793566703796387
26.02538013458252
21.391335487365723
14.749008655548096
33.22900938987732
29.26692843437195
38.215407848358154
41.72132873535156
29.738457918167114
23.882404565811157
