13.140627145767212
1.7038064002990723
10.59801197052002
14.554849863052368
7.5732011795043945
6.878561019897461
11.344743490219116
13.753437519073486
6.750692844390869
5.958673715591431
1.851161003112793
9.006078481674194
14.928776264190674
5.948442220687866
5.657240390777588
8.813020944595337
11.522536039352417
2.9048309326171875
4.879225969314575
5.705322980880737
13.500038862228394
22.519309759140015
5.605086803436279
9.213132619857788
14.464325428009033
5.917078495025635
6.642172574996948
2.8566768169403076
1.8353989124298096
7.784241437911987
10.499011516571045
5.64174485206604
13.667644739151001
6.839241027832031
1.8656980991363525
7.317036867141724
3.882596969604492
5.958593130111694
7.840534210205078
9.980838298797607
7.728525638580322
7.489608287811279
7.904958963394165
7.346270322799683
10.433982372283936
2.961094617843628
3.7499687671661377
