0.004555331640155499
0.003594963845705986
0.0009826581894180992
0.0016906568382024766
0.0011851837033881082
0.0005719477925697962
0.00010073573394616444
0.001298397651038851
0.0016972761340618135
0.0024698389221118047
0.00010845653122493198
0.0005246136232852935
0.00028351446015618064
0.0023186210000808423
0.0007207476999521255
0.0003214434983253479
0.0011305804978166308
0.003805614668446321
0.00031366212017536167
0.0010683929792165757
0.00023738918688297273
0.0019822556626796725
0.0013550233388900758
0.0006642787960767746
0.00035579718704223634
6.641281640529633e-05
0.00030365042510032656
0.0010633189406633377
9.977127167383828e-05
0.001681670535079638
0.004165186586049625
0.00010489414475645337
