1.2327075004577637
2.2910587787628174
2.47536301612854
2.329224109649658
2.279453754425049
2.199230670928955
2.154735803604126
2.341001033782959
2.2213339805603027
2.3111038208007812
2.3211288452148438
2.2737276554107666
2.2184295654296875
2.1324851512908936
2.162323474884033
2.181941270828247
2.1116464138031006
2.1042373180389404
2.1654038429260254
2.213824510574341
2.095785140991211
2.2196133136749268
2.1782095432281494
1.0556650161743164
1.061523675918579
1.1059916019439697
1.037471055984497
1.0277447700500488
1.103816032409668
1.0058329105377197
1.102966547012329
1.03346848487854
1.0448291301727295
1.0386650562286377
1.0378670692443848
1.0570507049560547
1.0381293296813965
1.0252628326416016
2.1605522632598877
2.0837368965148926
2.1906638145446777
1.035621166229248
1.0653138160705566
1.0959844589233398
1.061690092086792
1.0226807594299316
1.0955603122711182
1.1141397953033447
1.021252155303955
2.151211738586426
1.0742239952087402
1.0143957138061523
2.1999166011810303
1.0070216655731201
1.0406646728515625
1.0759086608886719
1.020270824432373
1.0112226009368896
1.0109326839447021
2.0901501178741455
2.150771379470825
1.038963794708252
1.0544731616973877
1.0045366287231445
1.055577039718628
0.9632668495178223
1.0191764831542969
2.1286425590515137
2.152890682220459
2.3088622093200684
1.2131757736206055
1.0599753856658936
1.0701792240142822
1.122227430343628
1.1329011917114258
1.2119133472442627
1.0874056816101074
1.262070894241333
1.0920279026031494
2.1788132190704346
2.1892354488372803
2.3642663955688477
2.2755441665649414
0.9899539947509766
1.0215442180633545
1.0809192657470703
1.0646629333496094
1.0368938446044922
1.040367841720581
1.0732059478759766
1.2651453018188477
1.1274523735046387
1.2172634601593018
1.1130468845367432
1.1871111392974854
1.1820223331451416
1.265868902206421
1.1753745079040527
1.116408348083496
1.1801140308380127
1.1299877166748047
1.2439568042755127
1.1320526599884033
1.2524423599243164
0.9682714939117432
1.0791840553283691
1.0292799472808838
1.0299804210662842
1.0348026752471924
1.0345542430877686
0.9982733726501465
1.0004799365997314
1.0138380527496338
1.1217806339263916
1.0592985153198242
1.056269884109497
1.0487279891967773
1.0431499481201172
1.0146105289459229
1.073974370956421
1.1439642906188965
1.198798656463623
1.0860135555267334
1.2130935192108154
1.1576406955718994
2.3047373294830322
2.1776041984558105
2.370028018951416
2.118891477584839
2.410942316055298
2.1786227226257324
2.373500347137451
2.19968843460083
1.0411322116851807
1.0500662326812744
1.0443775653839111
1.0351810455322266
1.0922980308532715
1.0506622791290283
1.0758233070373535
1.0722546577453613
1.1038250923156738
1.054328203201294
1.06406831741333
1.0642120838165283
0.9823637008666992
1.0518195629119873
1.0810647010803223
1.070946216583252
1.1111907958984375
1.1569337844848633
1.3582484722137451
1.0602402687072754
1.2124707698822021
2.139227867126465
2.090038776397705
2.2204113006591797
1.031172513961792
2.049084424972534
2.049454927444458
2.016131639480591
2.090852737426758
1.0054891109466553
1.0359930992126465
0.9778711795806885
1.046767234802246
2.1595475673675537
1.074120283126831
1.039189100265503
1.2212471961975098
0.9956943988800049
0.9818539619445801
1.0251531600952148
1.0284852981567383
0.9982235431671143
1.0223183631896973
1.0362088680267334
2.0985121726989746
2.092991590499878
0.997380256652832
1.029221534729004
1.0450520515441895
1.0132548809051514
1.0450365543365479
1.0073268413543701
1.041640281677246
2.0961647033691406
2.155843734741211
2.1758360862731934
1.1265687942504883
1.154822826385498
1.0544233322143555
1.130967617034912
2.1605119705200195
2.4282174110412598
2.2717981338500977
2.395244598388672
2.207932472229004
2.2397212982177734
2.3818724155426025
2.1886088848114014
2.2544784545898438
2.332890748977661
0.9574377536773682
