38.530977964401245
29.92228651046753
28.947667837142944
24.690098762512207
26.48735523223877
9.577083349227905
5.889240264892578
19.002476930618286
26.91913938522339
38.24110007286072
10.215347528457642
16.40007734298706
16.526950359344482
28.441482305526733
17.967705488204956
11.734604835510254
14.59513258934021
35.05750584602356
9.566768169403076
26.659207820892334
8.853696584701538
27.90168046951294
15.085700035095215
15.214250087738037
12.072811126708984
3.9006261825561523
8.717315912246704
14.310701847076416
5.902653932571411
24.56203532218933
42.057859897613525
10.154923439025879
