2.926029920578003
7.429838180541992
11.581076383590698
3.7481846809387207
7.390028476715088
7.445400953292847
5.798141241073608
7.9327380657196045
2.7063331604003906
9.92026424407959
9.865119695663452
2.9139668941497803
8.396667003631592
6.36916184425354
2.88706374168396
2.9196434020996094
9.918195486068726
5.998260498046875
3.9805867671966553
3.9407405853271484
22.370732307434082
7.538986682891846
7.653930902481079
7.767643451690674
13.927774667739868
2.9405312538146973
11.774068355560303
1.6612622737884521
7.43443751335144
1.6503143310546875
2.936800003051758
5.794656753540039
