0.0008158705285462467
0.002492898331952095
0.0008143980233616299
0.0035832390803654988
0.0011255233075618744
0.0010540671171188356
0.0020843503550291064
0.0008711833014813336
0.0010374616583824158
0.0014480167649745944
0.0005366721191883087
0.00010688222143650055
0.0027117783709083285
0.0047180862155199055
0.00036916521098613744
0.0015315710760593416
0.0007504117248773576
0.0010626025984684625
0.001083016311454773
6.556995108127593e-05
0.0010044523583650588
0.0012874170662323632
0.0013980216579993568
0.002674835496854782
0.003193577475438799
0.00010659312384809766
0.0009461921863828385
0.0008807567868947982
0.0003352970805035697
0.004385802112054825
0.003173451577496529
0.001991691124645869
0.0012408498110037585
0.004055171285319329
0.0003575502012491226
