1.065234899520874
1.0486173629760742
1.0533711910247803
1.0090491771697998
1.0483992099761963
1.007638692855835
1.0422098636627197
1.0683891773223877
1.0120513439178467
1.121837854385376
1.1272077560424805
1.122253179550171
2.06028413772583
2.007129669189453
2.1242382526397705
2.1183321475982666
2.1470086574554443
1.0723135471343994
1.0620627403259277
1.0635654926300049
1.0029253959655762
1.0446538925170898
1.0283253192901611
1.0535376071929932
1.2494821548461914
1.098499059677124
1.301816463470459
1.156538724899292
1.2207415103912354
1.2573869228363037
1.2640838623046875
1.275244951248169
2.3226113319396973
2.264592409133911
2.276498317718506
2.1888740062713623
2.054772138595581
2.307976722717285
2.349353790283203
1.1083979606628418
1.0182156562805176
1.1059300899505615
1.0601494312286377
1.052872896194458
1.062025547027588
1.1019022464752197
1.1428148746490479
0.9922783374786377
1.0773048400878906
1.0404996871948242
1.098085880279541
1.111255168914795
1.0218274593353271
1.0900285243988037
0.9665622711181641
1.0570769309997559
1.0211181640625
1.2136948108673096
1.1208438873291016
1.2092771530151367
1.1641898155212402
1.2992589473724365
1.2101976871490479
1.0469207763671875
1.160921573638916
1.227762222290039
1.178654432296753
1.2971582412719727
1.1219019889831543
1.2337656021118164
2.3762099742889404
1.0614073276519775
1.0433051586151123
1.0058000087738037
1.0163776874542236
0.9887492656707764
1.0388314723968506
1.0308153629302979
1.0905559062957764
1.1082522869110107
1.1071364879608154
1.0513012409210205
1.1134192943572998
1.1246130466461182
1.0316574573516846
1.0586886405944824
1.0375401973724365
1.0410346984863281
1.0586066246032715
1.045180320739746
1.022526502609253
1.0283639430999756
1.0479204654693604
1.0391185283660889
2.107759714126587
1.0449016094207764
1.033681869506836
1.0337698459625244
1.0145988464355469
1.0234520435333252
1.0017077922821045
1.1473562717437744
1.2068490982055664
1.0968186855316162
1.1410729885101318
1.2484920024871826
1.2705726623535156
1.2785115242004395
1.1985762119293213
1.0990114212036133
1.2021021842956543
1.1590867042541504
1.0760703086853027
2.322774648666382
2.219681978225708
1.1987049579620361
1.1285264492034912
2.2257742881774902
2.3628313541412354
2.259902000427246
2.295457363128662
2.245758533477783
2.249882459640503
2.194143533706665
2.3586089611053467
2.235200881958008
2.2005269527435303
2.3248965740203857
2.2896697521209717
1.0550813674926758
1.0420892238616943
1.0661988258361816
1.0586893558502197
1.0411865711212158
1.0441956520080566
1.0000584125518799
1.039489507675171
1.0685415267944336
1.071295976638794
1.0301127433776855
2.2471683025360107
1.058370590209961
1.056959629058838
1.0608675479888916
1.0491068363189697
1.1396079063415527
1.0653507709503174
1.081270456314087
1.0573036670684814
1.0662815570831299
1.0651617050170898
1.0276896953582764
1.0667908191680908
1.0740940570831299
1.0116419792175293
1.110321283340454
1.0191314220428467
1.0211834907531738
1.0037293434143066
1.090639352798462
1.0520830154418945
1.0700511932373047
1.0887761116027832
1.0368852615356445
0.9830577373504639
1.0505406856536865
1.0358257293701172
1.042029857635498
1.0677106380462646
1.0167701244354248
1.0533556938171387
1.0512022972106934
1.0456454753875732
1.0507185459136963
1.0659139156341553
1.1121063232421875
1.0482075214385986
1.0557262897491455
1.0708558559417725
1.1458408832550049
1.006873369216919
1.0761818885803223
1.0715086460113525
1.0074198246002197
1.021622896194458
2.1796512603759766
2.1117372512817383
2.094343662261963
2.0677669048309326
1.237900972366333
1.2074413299560547
1.1993582248687744
1.1068131923675537
1.253154993057251
1.1724343299865723
1.273674488067627
1.131972312927246
1.2414073944091797
1.2105815410614014
1.1151974201202393
2.3241496086120605
2.299309492111206
2.3006622791290283
2.210048198699951
1.1751911640167236
1.3023414611816406
1.1047110557556152
1.1601743698120117
1.1980819702148438
1.2313110828399658
1.2334089279174805
1.1322450637817383
2.3166823387145996
2.2029411792755127
2.243870258331299
2.3399605751037598
2.1862683296203613
2.293137311935425
0.9729454517364502
1.0598323345184326
1.135343074798584
1.0146782398223877
1.150439739227295
1.0955188274383545
1.050961971282959
1.1334903240203857
1.0226619243621826
1.0657355785369873
0.9782421588897705
1.047623872756958
0.9852266311645508
1.0090970993041992
1.003302812576294
0.9933431148529053
1.003922939300537
1.0195026397705078
1.081315040588379
1.2101740837097168
1.2272653579711914
1.157893180847168
1.2599565982818604
1.2752060890197754
1.133606195449829
2.3489153385162354
2.262643337249756
2.1826984882354736
2.1100218296051025
2.2511396408081055
2.2357122898101807
2.2747175693511963
2.298285722732544
1.0665223598480225
2.112969398498535
2.1564502716064453
2.084278106689453
2.1208674907684326
2.2012178897857666
2.0948288440704346
2.092167615890503
2.0784313678741455
2.2440316677093506
1.033252239227295
1.1021714210510254
1.040069341659546
1.0504391193389893
2.132721424102783
2.1374571323394775
2.1175663471221924
2.1068472862243652
2.213425636291504
1.0649135112762451
1.1511712074279785
1.1077032089233398
1.0919570922851562
1.0329363346099854
1.125175952911377
1.0224194526672363
2.1052072048187256
1.0734150409698486
1.0245652198791504
1.1197803020477295
1.2497427463531494
1.1731188297271729
1.143188238143921
1.2408945560455322
1.2351865768432617
1.148726463317871
2.3134353160858154
2.164630889892578
2.2531745433807373
2.240467071533203
2.299686908721924
2.147203207015991
2.3845179080963135
2.327267646789551
1.0664472579956055
1.0148589611053467
0.9825344085693359
