25.268287420272827
25.03500509262085
22.954890489578247
41.926559925079346
27.892776489257812
26.461153507232666
40.22155475616455
25.257255792617798
27.766552448272705
18.447607278823853
18.603517770767212
7.998663425445557
33.81173515319824
40.93486428260803
14.65345311164856
21.314430475234985
22.44854187965393
27.04132580757141
21.8608615398407
4.822005748748779
27.452205657958984
22.241877555847168
17.98896026611328
43.54596471786499
41.449970960617065
10.096780776977539
17.794416189193726
18.76256513595581
15.85732650756836
36.392557859420776
29.432676792144775
26.507571697235107
33.44600582122803
40.746233224868774
12.830732583999634
