5.626688003540039
7.9490251541137695
8.922239780426025
2.887460470199585
5.886092662811279
8.395514488220215
8.178406953811646
2.68111252784729
1.7754173278808594
10.879588603973389
4.685949087142944
7.722445726394653
10.494286060333252
3.6488518714904785
6.745365619659424
2.994525909423828
7.461554050445557
2.9194161891937256
8.3850679397583
5.53610634803772
5.857747316360474
3.934526205062866
8.992692947387695
1.8395600318908691
12.263094663619995
1.8119733333587646
7.45424222946167
12.547761917114258
2.968167304992676
21.904563188552856
1.8221547603607178
8.882301807403564
7.778067350387573
13.822289228439331
7.898396968841553
11.581114292144775
9.923049926757812
2.891425371170044
7.356529235839844
14.126136541366577
2.8783109188079834
7.862457036972046
3.9700546264648438
2.873375654220581
1.8764548301696777
