[8, 25, 25, 22, 8, 19, 24, 3, 4]
[10]
[5]
[2, 25, 20, 11, 7, 6]
[25]
[24, 5, 24, 4, 12, 11, 12, 7, 12, 2]
[13, 7, 18]
[11, 22, 23, 19, 12, 15, 22, 2, 2, 17, 9, 0, 10]
[20, 5, 3, 3, 22, 7, 3, 20, 7, 9, 2, 17, 2]
[0, 15, 24, 6, 3, 14, 1]
[0, 6, 0, 22, 6, 2, 18, 13, 5, 13, 4, 23, 12, 14]
[10, 11, 17, 4, 7, 3, 3, 5]
[16, 22, 20, 5, 17, 19, 21]
[6, 3, 22, 18, 22, 6, 5, 5, 7]
[13, 19]
[24, 16, 16, 2, 14]
[18, 21, 24, 5, 5, 14, 8, 18, 7]
[8, 12, 22, 23, 21, 13, 10]
[21, 5, 17, 21, 6, 12, 16, 22]
[13, 10, 10, 25, 5]
