1.0829010009765625
1.0845327377319336
1.041250467300415
1.0783390998840332
2.0801236629486084
2.182887077331543
2.1584904193878174
2.1103694438934326
2.153887987136841
2.073481798171997
0.913445234298706
1.0671589374542236
1.039750099182129
1.044480562210083
1.0132758617401123
1.0027525424957275
1.0119163990020752
1.1181695461273193
1.1180484294891357
1.0966300964355469
1.1164848804473877
1.055572271347046
1.057342529296875
1.0537903308868408
1.1747355461120605
1.0961692333221436
2.0978665351867676
2.352311849594116
1.133148431777954
1.0858426094055176
1.0509023666381836
1.1184027194976807
1.192777395248413
1.222104787826538
1.2317390441894531
1.176551103591919
2.314790964126587
2.227104663848877
2.3103480339050293
2.530499219894409
2.195188283920288
2.230783462524414
2.3010411262512207
2.283886671066284
1.20241379737854
1.1903293132781982
1.1042335033416748
1.096200704574585
1.1810202598571777
1.2299561500549316
1.1410853862762451
1.1774156093597412
1.1629741191864014
2.173440456390381
2.0904150009155273
2.318236827850342
2.293426513671875
1.0110931396484375
1.0498363971710205
1.0233385562896729
1.0210013389587402
1.1274640560150146
1.0575313568115234
1.0653183460235596
1.2526400089263916
1.2134957313537598
1.225224256515503
1.1924324035644531
1.1940302848815918
1.298546314239502
2.239093780517578
2.342080593109131
2.2731759548187256
2.116245985031128
2.2673115730285645
2.362920045852661
2.2407095432281494
2.380113124847412
0.9861366748809814
1.0401721000671387
1.011641025543213
0.9854762554168701
2.166276216506958
2.0169475078582764
2.0599253177642822
2.1136419773101807
1.0148224830627441
2.032308340072632
2.0338025093078613
2.026073455810547
2.0998265743255615
2.0407662391662598
2.1628830432891846
1.012540340423584
1.0433356761932373
1.007173776626587
1.0593607425689697
2.2266767024993896
2.171488046646118
2.2062113285064697
2.2191779613494873
2.0648677349090576
1.0002100467681885
0.9837839603424072
1.0333120822906494
1.0523395538330078
1.0956096649169922
1.0486562252044678
1.0485844612121582
1.0626108646392822
1.091120958328247
1.0294339656829834
1.0223329067230225
1.0300610065460205
1.3755407333374023
1.057812213897705
1.0322036743164062
1.0509719848632812
1.0513815879821777
1.062103271484375
1.0589144229888916
1.0592474937438965
1.0770256519317627
1.0147032737731934
2.110635280609131
1.040177345275879
1.0300266742706299
0.9968745708465576
0.9769377708435059
1.0683667659759521
1.0513710975646973
1.0204532146453857
2.1358087062835693
1.0347278118133545
1.0694243907928467
1.0572073459625244
1.059476613998413
1.0530736446380615
