7.447877883911133
1.7801761627197266
8.433050632476807
9.968867778778076
8.409669160842896
10.075675964355469
2.61529541015625
13.56450867652893
3.901379346847534
3.6593728065490723
14.17137336730957
4.05327296257019
3.9960219860076904
5.928353309631348
6.664700031280518
7.970123767852783
10.55798888206482
1.8273639678955078
5.958806991577148
6.054018497467041
11.604664325714111
22.597814559936523
7.425122499465942
8.3070969581604
2.761784076690674
5.972858667373657
12.91471242904663
13.715393304824829
