[16, 9, 12, 15, 17, 14, 6, 9, 14, 12]
[2, 1, 4, 1, 11, 7, 4, 0, 2]
[9]
[12, 4, 5, 15, 14, 8, 15, 3]
[17, 14, 6, 6, 10, 1, 14]
[12, 9, 1, 1, 7, 6, 2, 10, 9, 17, 13, 6, 12, 2]
[2, 3, 15, 9, 1, 11, 1]
[13, 12, 3, 8, 11, 14, 15]
[6, 8, 11, 13, 11, 8, 4, 0, 9, 9, 13, 8, 0]
[16, 5, 5, 16, 7, 5, 6, 9, 13]
[0, 9]
[15, 10, 1, 1, 13, 10, 17, 13, 6, 7, 4, 15, 6]
[10, 14, 8, 6, 16, 8, 10, 6, 15]
[17, 11, 13, 14, 17, 15, 14]
[3, 14, 17, 4, 0, 9, 17, 4, 5]
[5, 1, 4, 2, 6, 10, 2, 16, 13, 16]
[8, 0, 0, 14, 10, 14, 3]
[0, 8, 17, 1, 6, 2, 2]
[6, 1, 15, 11, 2, 16]
[14, 10, 15, 15, 6, 7, 17, 4, 16]
[16, 13, 10]
[2, 15, 17, 7, 6, 10, 8, 7]
[5]
[10, 17, 11, 12, 16, 4, 15]
[10]
[17, 10, 4, 10, 5, 4, 5, 9, 8]
[7, 17, 3]
[6, 5, 16]
[11, 8, 9, 10, 10, 6, 13, 16]
[0]
[3, 10, 11, 15, 13, 10]
[3, 7, 12, 2, 17, 4, 11, 14, 12, 5, 17, 16, 8]
[7, 7]
[4, 8, 17, 7, 2, 10, 16, 0, 5]
[0, 8, 2, 2, 6, 15, 15, 10, 16]
[7, 11, 7, 3, 16, 9, 13, 2, 7]
[7, 12, 6, 14, 16, 0, 4, 5, 6, 12]
