0.00219490838906765
0.0026244540187888676
0.00010846034481184822
0.0009847938369512558
0.001119328057735307
0.003186969282160487
0.0014450424468960082
0.0008953418685436248
0.0049344177552700045
0.001706593476700783
0.00013458806130886076
0.004088449442069347
0.0022156333466582826
0.0008020453378881727
0.0017857549743175508
0.0017636761833429338
0.0008063662624665669
0.0024875621718883517
0.0008603196594715119
0.001993621557847659
0.0003572725788831711
0.0009754181417942047
0.00010126172168254852
0.00101627527751582
9.979339289665222e-05
0.0021000212287664416
0.000313999618768692
0.0003424709450687681
0.0009709539530038834
0.00010965088691446516
0.0008423485070069631
0.0021226317925599906
0.00023228238773345948
0.00131284147977829
0.0021426374683751
0.0017196765806436539
0.0019076963344335557
