1.0606341361999512
1.1664516925811768
0.997384786605835
1.068202018737793
1.036050796508789
2.1296353340148926
2.123622417449951
2.1957223415374756
2.0970115661621094
2.181674003601074
1.0283050537109375
1.0376923084259033
2.109271287918091
2.0404903888702393
2.1104114055633545
2.156980276107788
2.133964776992798
2.070443868637085
2.180316209793091
0.9899888038635254
1.0700562000274658
1.0454449653625488
1.056816577911377
1.0671417713165283
1.0091543197631836
1.040644884109497
1.0761094093322754
1.0733108520507812
1.0859005451202393
1.071906328201294
1.0509922504425049
1.801509141921997
1.0252594947814941
1.011765956878662
1.0561892986297607
1.0665225982666016
1.2223126888275146
1.1278610229492188
1.2519664764404297
1.1631700992584229
1.0523431301116943
1.2153558731079102
1.2297909259796143
1.2181410789489746
1.265265703201294
2.251464366912842
2.2415201663970947
2.2894725799560547
2.314725160598755
1.0695831775665283
1.0107438564300537
1.0394175052642822
1.038886547088623
2.077925443649292
2.1330745220184326
2.0919442176818848
1.0403180122375488
1.0106785297393799
1.0297844409942627
0.9756796360015869
1.006699562072754
1.0207998752593994
2.0884132385253906
2.093449115753174
2.1137380599975586
2.2513184547424316
2.441824197769165
2.1531982421875
2.216729164123535
2.1922614574432373
2.2144453525543213
2.150373935699463
2.3229780197143555
2.2160091400146484
2.9286551475524902
2.3056061267852783
0.9966700077056885
1.0235772132873535
1.0110414028167725
1.058053731918335
1.0571458339691162
1.1321101188659668
2.108181953430176
2.2290048599243164
2.180466890335083
0.9734995365142822
1.0443124771118164
1.2351484298706055
1.1442739963531494
2.2649402618408203
2.2625653743743896
2.224515438079834
2.1194286346435547
2.403921127319336
2.1815900802612305
2.355936050415039
2.1712088584899902
2.210505247116089
2.3229429721832275
2.1224138736724854
1.1042540073394775
1.097414255142212
1.0602145195007324
1.1010332107543945
2.22377610206604
2.162008047103882
2.1975810527801514
2.215080499649048
2.1740994453430176
1.0940017700195312
1.0540416240692139
1.052865743637085
1.0120489597320557
1.029451847076416
1.060558795928955
1.0178258419036865
1.0076613426208496
1.015014410018921
1.0343070030212402
1.0419931411743164
1.05879807472229
2.0584473609924316
2.0505199432373047
2.0905826091766357
2.0324909687042236
1.071652889251709
1.1123554706573486
1.0599727630615234
1.0526504516601562
1.0587995052337646
1.0495867729187012
0.9972467422485352
2.2062795162200928
2.1427371501922607
2.1688148975372314
1.046492576599121
1.0810813903808594
1.0560548305511475
1.0604627132415771
1.0456652641296387
1.0180654525756836
1.0524122714996338
2.1443827152252197
2.194352388381958
2.089539051055908
2.100123405456543
2.0018458366394043
2.3509328365325928
2.041212320327759
1.0336847305297852
1.0333411693572998
1.0009121894836426
1.0296595096588135
1.0123720169067383
2.2620925903320312
1.05879545211792
1.092355489730835
1.0704400539398193
1.0150432586669922
2.1790242195129395
2.1893022060394287
2.0426950454711914
2.1806530952453613
2.1201157569885254
1.0487346649169922
1.01350736618042
0.9992196559906006
1.0401983261108398
0.9982790946960449
1.033531665802002
1.1043412685394287
1.0372676849365234
1.0395176410675049
1.0440826416015625
1.0611205101013184
0.9490320682525635
1.08530592918396
1.016923189163208
1.0345888137817383
1.0457267761230469
1.0048835277557373
1.0545248985290527
1.1155056953430176
0.9352707862854004
0.9940924644470215
1.061424970626831
0.9995574951171875
1.0696475505828857
1.0337774753570557
1.0453171730041504
2.17936635017395
2.139230251312256
2.0751941204071045
1.0394973754882812
1.0834386348724365
1.0160138607025146
1.0188236236572266
1.0672364234924316
1.0398972034454346
1.0830042362213135
1.0287961959838867
1.0487983226776123
0.9877579212188721
1.0003280639648438
1.0203514099121094
1.0830872058868408
1.0679619312286377
0.9865620136260986
1.0603675842285156
1.0430009365081787
1.0544991493225098
1.0255045890808105
1.082362174987793
1.0503003597259521
1.0859034061431885
1.2456836700439453
1.1079394817352295
1.228668212890625
1.1441192626953125
1.0709092617034912
1.0599102973937988
1.0570464134216309
1.0909509658813477
1.2093548774719238
1.2027785778045654
1.1598737239837646
1.1160452365875244
1.0072927474975586
0.9831304550170898
1.1352779865264893
1.0889744758605957
1.056417465209961
1.0875473022460938
1.1029598712921143
1.082198143005371
1.086639404296875
1.0937597751617432
1.1100757122039795
1.0559489727020264
1.061249017715454
1.0627427101135254
1.0658316612243652
2.1296145915985107
2.1104815006256104
2.1410880088806152
2.0861573219299316
2.11710786819458
1.0392940044403076
1.076059341430664
1.1293575763702393
1.0506367683410645
1.0732355117797852
1.0002646446228027
2.1221489906311035
2.1997857093811035
2.20356822013855
1.1245527267456055
1.0688812732696533
1.0746772289276123
1.065396785736084
1.056645154953003
1.0676066875457764
2.127079963684082
2.084805488586426
2.215731143951416
2.171421766281128
