29.288320302963257
26.52150321006775
17.441638231277466
21.653661251068115
18.640440702438354
32.77849984169006
21.189683198928833
21.02514934539795
38.57051658630371
26.653682470321655
6.643730878829956
38.065263509750366
27.035309076309204
20.806626081466675
26.386147260665894
29.536046504974365
20.933791637420654
21.15179419517517
18.07502555847168
26.40140175819397
14.862606287002563
21.68636417388916
8.135309934616089
15.665229797363281
8.174867391586304
20.593299627304077
9.590435028076172
13.932355642318726
23.597806930541992
12.108596086502075
13.974812030792236
30.79382014274597
10.847710132598877
21.406739473342896
26.53360867500305
26.40558123588562
29.83881974220276
