[19, 2, 11, 14, 10, 10, 12, 11]
[13, 13, 21, 15, 18, 11, 4, 12, 3, 9, 19, 9, 2]
[13, 13, 0, 22, 15, 0, 12, 12]
[11]
[14, 19, 17]
[14, 0, 6, 0, 22]
[16, 1, 5, 14, 7, 9, 2, 1, 3, 22, 0, 15, 2, 22]
[16, 0, 21, 1, 4, 0, 13, 16, 21, 16, 14, 5, 2, 3, 17]
[19, 13, 15]
[15, 17, 2, 19, 10, 21, 2]
[2, 4, 14, 7, 10, 16, 7, 2, 17]
[12, 15, 14, 19, 15, 1, 21, 19, 10]
[22, 4]
[2, 9, 4]
[3, 10, 3, 8, 11, 11]
[9, 1, 14, 20, 4, 8, 19, 7]
[7, 16, 6, 11, 3, 0, 4, 16, 6]
[0]
[0, 6, 17, 11, 3, 21, 3, 15, 6, 3, 18, 16, 6]
[3, 18, 11]
[20, 14, 1, 0, 1, 7, 5, 14, 22]
[18]
[15, 0, 22, 3, 13, 11]
[11, 16, 17, 2, 2, 14, 0, 14, 0, 13, 11, 8, 4, 15]
[0, 2, 3]
[18]
[14]
[21, 18, 1, 7, 7, 21, 19, 21, 0]
[14, 1, 11, 5, 16, 8, 16]
[20, 15, 14, 15, 1, 22, 15, 9, 17, 7, 21, 11, 15, 12, 21]
[7, 1, 20, 8, 18, 18, 12, 22, 4, 16, 4, 9, 11, 14, 2]
[12, 19, 12, 1, 12, 7, 6]
[16, 7, 7, 21, 5, 14, 17, 8]
[13, 22, 18, 5, 18, 14, 18, 4, 20, 12, 0, 5, 22]
