0.0009564138085126877
0.004292084445419678
0.0010129149403810501
0.00011369710490022386
0.0002917684998512268
0.0008476397378206254
0.0041860443537780215
0.0031099322124878565
0.0003382391862154007
0.0007342189876556396
0.0014028042902787528
0.0031944609098911287
0.00023316061442238943
0.0003087633940378825
0.0006447641722050581
0.001299030251598358
0.0010135806815055701
0.00011368602497577668
0.0016975632196444732
0.0003716045087099076
0.0012603963751157124
0.00010875039567947389
0.0007366158576250077
0.0023219215183598657
0.0005229582631111145
9.278754786650339e-05
9.144368289311727e-05
0.0014503077136119207
0.0010084759259564537
0.003484055424253146
0.0050863709862311686
0.0008944819304552945
0.0008776449598789215
0.002902963684193905
