0.9972310066223145
1.0399432182312012
1.0420331954956055
1.046635389328003
0.9729940891265869
1.033874750137329
1.0464227199554443
1.0163567066192627
1.2071387767791748
1.1643037796020508
2.1250107288360596
2.291346788406372
2.1341068744659424
2.2793898582458496
2.282102584838867
2.296121120452881
2.1474721431732178
2.2889769077301025
2.2657876014709473
2.206639289855957
2.304539442062378
1.090414047241211
1.082305669784546
1.115053415298462
1.1089565753936768
1.083632230758667
1.0370726585388184
1.1038072109222412
1.0584063529968262
1.0377881526947021
1.01755690574646
0.9127786159515381
0.9863772392272949
0.9856657981872559
1.0605213642120361
1.010519027709961
1.0314550399780273
0.9966602325439453
1.1093676090240479
1.2090766429901123
1.10438871383667
1.269151210784912
2.2679240703582764
2.1654131412506104
2.183858871459961
2.2922518253326416
2.2890374660491943
2.136929512023926
2.1600422859191895
2.429258108139038
2.445507287979126
2.4027013778686523
1.2334938049316406
1.1850061416625977
1.2783770561218262
1.1629483699798584
1.1693267822265625
1.2304770946502686
1.2057759761810303
1.1648316383361816
1.0879912376403809
1.2129850387573242
2.3244757652282715
2.2113242149353027
2.3781137466430664
2.3056721687316895
2.167862892150879
1.1744024753570557
1.0060462951660156
0.9895529747009277
0.9905898571014404
0.9964399337768555
1.0196988582611084
0.9882566928863525
1.037933349609375
0.9966230392456055
1.0167057514190674
1.0126206874847412
1.0324678421020508
1.1152758598327637
1.0199947357177734
1.0348572731018066
1.0096638202667236
1.0470256805419922
1.0214812755584717
2.22501540184021
2.1255362033843994
2.202634334564209
2.2407326698303223
2.0085103511810303
2.1687071323394775
2.094268560409546
2.00934100151062
2.2402992248535156
2.0729033946990967
1.0574452877044678
1.0707647800445557
0.9765398502349854
1.0636143684387207
1.0464508533477783
1.04551362991333
1.0197622776031494
1.0555834770202637
1.0416760444641113
1.0368170738220215
1.056628704071045
1.0695958137512207
1.0710365772247314
1.0900154113769531
1.0369670391082764
0.9960875511169434
1.003516435623169
1.1141257286071777
1.0429761409759521
1.142211675643921
1.0823688507080078
1.0441343784332275
1.0625228881835938
1.106457233428955
1.0563840866088867
1.004767656326294
1.072537899017334
1.0669364929199219
0.9741733074188232
1.0895445346832275
1.1364398002624512
1.2589430809020996
1.1744372844696045
1.2168514728546143
1.0987193584442139
1.1584398746490479
1.1620874404907227
1.1740214824676514
1.0923993587493896
1.1031746864318848
1.1977365016937256
1.1793439388275146
1.1001074314117432
1.1344616413116455
1.2481348514556885
1.0476429462432861
1.0349335670471191
1.075753927230835
1.0601487159729004
1.0029640197753906
1.0433123111724854
1.0501010417938232
1.046694040298462
1.089059591293335
0.931879997253418
1.1318154335021973
1.105212926864624
1.0192391872406006
0.9941895008087158
1.049185037612915
1.0124046802520752
1.1789557933807373
1.2336349487304688
1.2246313095092773
1.1443157196044922
1.2460663318634033
1.2204804420471191
1.176941156387329
1.231586217880249
1.091416358947754
1.250349998474121
1.1627531051635742
1.2129218578338623
1.2099311351776123
1.22587251663208
1.0721931457519531
1.009446382522583
1.0554826259613037
0.9275662899017334
0.9141321182250977
1.029193639755249
1.0663323402404785
1.067899465560913
1.053743600845337
2.424755811691284
1.0629932880401611
1.0601367950439453
1.0759449005126953
1.0335893630981445
1.078047275543213
1.0333969593048096
1.0112695693969727
1.0731995105743408
1.0119731426239014
1.028663158416748
1.0644447803497314
1.2920284271240234
1.2029790878295898
1.1165008544921875
1.2462177276611328
1.3027491569519043
1.2013263702392578
1.2990267276763916
1.2846760749816895
1.22843337059021
2.2468276023864746
2.1778159141540527
2.3608858585357666
2.3637290000915527
2.22422456741333
2.332765579223633
1.1263954639434814
1.221193552017212
2.288818836212158
2.110138177871704
2.330932378768921
2.305647850036621
2.3226053714752197
2.279468059539795
2.291044235229492
2.154700994491577
2.3335721492767334
2.266258716583252
2.2488553524017334
2.3031184673309326
2.2004475593566895
1.0498383045196533
1.1127030849456787
1.0388057231903076
1.0373165607452393
1.0531766414642334
1.0510735511779785
1.0345332622528076
1.0643014907836914
1.0456359386444092
1.059225082397461
1.051074504852295
1.0346119403839111
1.0831542015075684
1.022855281829834
1.061837911605835
1.1761765480041504
1.1688051223754883
1.1824595928192139
1.122321605682373
1.1190013885498047
1.1963133811950684
1.1076138019561768
1.0403945446014404
2.3006069660186768
2.2013332843780518
2.2704477310180664
2.1935348510742188
2.1333675384521484
