23.553250551223755
38.061904430389404
23.715458631515503
10.094756364822388
9.5991690158844
9.92788052558899
39.859466552734375
44.42369103431702
12.077216863632202
21.671752452850342
23.73207688331604
26.827987909317017
11.904744148254395
8.443498373031616
23.468657732009888
17.59477186203003
31.008015155792236
7.086807727813721
36.19019913673401
11.891688823699951
21.21151375770569
13.41270637512207
17.282957553863525
34.51936221122742
6.416841745376587
8.892534732818604
5.873101472854614
23.925991535186768
16.929194927215576
40.80903148651123
44.23961353302002
25.157675981521606
23.600972652435303
34.14440870285034
