[8, 3, 20, 18, 21, 13, 2]
[18, 10, 4, 18, 21, 20, 5, 17, 18, 22]
[5, 22, 18, 20, 22, 15, 8]
[7, 13, 0, 13, 9, 6, 2, 18, 3, 13, 22, 5, 5, 14, 5]
[11, 17, 3, 19, 22, 19, 3, 6, 9]
[11, 17, 9, 0, 20, 0, 0, 9, 20]
[10, 9, 11, 19, 19, 19, 16, 21, 5, 12, 8, 9, 5, 14]
[6, 5, 15, 4, 4, 17, 17]
[15, 0, 4, 4, 2, 4, 2, 9, 15]
[5, 17, 19, 22, 22, 5, 10, 3]
[6, 0, 3, 8, 21]
[15]
[17, 22, 8, 20, 21, 14, 9, 7, 5, 20, 13, 8, 20, 6]
[10, 8, 13, 5, 20, 18, 1, 11, 20, 14, 18, 9, 10, 14]
[22, 15, 14]
[7, 3, 4, 13, 14, 5, 6, 4, 5]
[6, 11, 10, 16, 20, 6]
[14, 0, 2, 18, 20, 2, 18, 5, 21]
[20, 15, 15, 11, 11, 22, 4, 16]
[0]
[6, 20, 6, 11, 18, 10, 21, 12, 5]
[3, 13, 8, 6, 6, 6, 12, 5, 13]
[18, 16, 1, 16, 19, 4]
[13, 12, 5, 6, 7, 5, 8, 3, 1, 2, 4, 8, 10, 22, 2]
[3, 0, 9, 8, 19, 11, 3, 10, 12, 7, 6, 17, 6, 7]
[9]
[14, 22, 15, 8, 7, 19, 1]
[3, 3, 11, 22, 17, 11, 8]
[8, 13, 7]
[19, 22, 1, 1, 9, 21, 16, 12, 21, 20, 5, 20, 0, 8, 20]
[3, 21, 1, 21, 20, 9, 17, 19, 3, 13]
[13, 3, 10, 13, 7, 20, 20, 21, 0]
[4, 16, 20, 9, 21, 4, 7, 4, 15, 12]
[10, 15, 19, 11, 14, 2, 22, 15, 6, 15, 22, 2, 19, 15, 15]
[22, 21, 9]
