0.0008146793271714991
0.0025601572119474413
0.0007996074500454795
0.0035902734257857007
0.0010961632816314697
0.0010624136613077587
0.002031815288758278
0.000858454318685965
0.0010051800230264664
0.001433236512565613
0.0005377316575050354
0.00010829148025512695
0.002672700348864283
0.004683083422085218
0.0003557445429325104
0.001554659941509035
0.0007216428081035614
0.001067113453306092
0.0010962339550971987
6.452040071487426e-05
0.0010206209684371949
0.0012554220063765843
0.0014181930330991745
0.0026037600798447928
0.003133986529009683
0.00011099254040377479
0.0008843692284822464
0.000893839597269467
0.0003361567843331231
0.004378498446846009
0.0031227942962884906
0.0019458993387301761
0.0011604933392836499
0.0039949034680048625
0.00036058228933811187
