1.0417606830596924
1.058180570602417
1.0799853801727295
1.071579933166504
1.0293986797332764
0.9778716564178467
1.005122423171997
1.0980119705200195
1.0484187602996826
1.137136697769165
1.1090729236602783
1.1198844909667969
2.09045672416687
1.9929256439208984
2.2539525032043457
2.2792179584503174
2.2088751792907715
1.0678551197052002
1.0596256256103516
0.9668381214141846
1.0433197021484375
1.0182716846466064
0.9979617595672607
1.0404367446899414
1.283555507659912
1.2782411575317383
1.286133050918579
1.2328569889068604
1.2008066177368164
1.1746461391448975
1.1875672340393066
1.1681277751922607
2.1578712463378906
2.2327537536621094
2.2357780933380127
2.307342529296875
2.344701051712036
2.356658458709717
2.1916661262512207
1.071300983428955
0.9925549030303955
1.019768238067627
1.0387728214263916
1.0607597827911377
1.0259134769439697
1.0453081130981445
1.0223228931427002
1.116300344467163
1.01310396194458
1.0805754661560059
1.0629851818084717
1.0538287162780762
1.1192851066589355
1.0572419166564941
1.0405445098876953
1.0607454776763916
1.070544958114624
1.0953376293182373
1.087226152420044
1.2041051387786865
1.0470492839813232
1.2164392471313477
1.1971194744110107
1.2562897205352783
1.2146713733673096
1.1522581577301025
1.226210355758667
1.072124719619751
1.225806713104248
1.2156414985656738
2.200305700302124
1.037611484527588
0.9884316921234131
1.020730972290039
0.9914724826812744
1.0178391933441162
1.0018353462219238
1.0223798751831055
1.0393462181091309
1.0278022289276123
1.040964126586914
1.0228924751281738
1.0743191242218018
1.0674619674682617
1.0325672626495361
1.047666311264038
1.0675990581512451
1.0955424308776855
1.0587687492370605
1.0580382347106934
1.0412287712097168
1.0173063278198242
1.0097730159759521
0.9886572360992432
2.0253448486328125
1.072296380996704
1.0618269443511963
1.006939172744751
1.0126514434814453
1.0068585872650146
1.0149154663085938
1.163299560546875
1.141646146774292
1.174513339996338
1.0994296073913574
1.2166862487792969
1.1566832065582275
1.0556342601776123
1.2100658416748047
1.1888659000396729
1.2105703353881836
1.157486915588379
1.0377545356750488
2.343568801879883
2.241771936416626
1.1873698234558105
1.1487019062042236
2.1861400604248047
2.291273593902588
2.2252962589263916
2.3052732944488525
2.1652982234954834
2.291275978088379
2.308598041534424
2.2603397369384766
2.234161138534546
2.2394015789031982
2.2241013050079346
2.283278465270996
1.0203220844268799
0.9688429832458496
1.0592029094696045
1.024662971496582
1.1135222911834717
1.038747787475586
1.1034877300262451
1.1085567474365234
1.0406630039215088
1.026306390762329
1.0260770320892334
2.2785232067108154
1.0688145160675049
1.0166399478912354
1.035531997680664
1.0444035530090332
1.0302026271820068
0.9881503582000732
1.0650746822357178
1.1025340557098389
1.0914373397827148
1.05411696434021
1.049919605255127
1.089946985244751
1.0452179908752441
1.0396835803985596
1.0632095336914062
1.0570299625396729
1.0357956886291504
1.0752308368682861
1.0126852989196777
1.0666851997375488
1.0517070293426514
1.0755455493927002
1.1101033687591553
0.9673223495483398
1.0408134460449219
1.0839300155639648
1.0922338962554932
1.0573134422302246
1.060673475265503
1.0520124435424805
1.0677111148834229
1.0689949989318848
1.041649580001831
1.0461609363555908
1.0476329326629639
1.0463075637817383
1.0239882469177246
1.0836689472198486
1.0345196723937988
1.0902965068817139
1.018552541732788
1.0221843719482422
1.0737407207489014
1.0633037090301514
2.0797927379608154
2.137023687362671
2.0738940238952637
2.2060344219207764
1.1076421737670898
1.1814563274383545
1.231217861175537
1.2071821689605713
1.170304536819458
1.2626266479492188
1.1611225605010986
1.2136204242706299
1.1545343399047852
1.0103089809417725
1.1317822933197021
2.197538137435913
2.093294143676758
2.350159168243408
2.2191853523254395
1.1313564777374268
1.1613175868988037
1.162017583847046
1.090989351272583
1.1545240879058838
1.214909553527832
1.1660399436950684
1.1764678955078125
2.2250890731811523
2.2240517139434814
2.2897632122039795
2.1658382415771484
2.230166435241699
2.296377420425415
1.0131018161773682
1.0248095989227295
1.052736759185791
1.0099759101867676
1.0408473014831543
1.0152051448822021
1.0084116458892822
0.9890732765197754
1.045820951461792
1.0629231929779053
0.9752621650695801
1.083411693572998
0.998039960861206
1.0324485301971436
1.0196239948272705
1.0085351467132568
0.9893627166748047
1.0266058444976807
1.2716848850250244
1.1623241901397705
1.1984446048736572
1.2642722129821777
1.2637133598327637
1.1381475925445557
1.1972496509552002
2.1243767738342285
2.1671979427337646
2.2275478839874268
2.2365922927856445
2.207590341567993
2.280581474304199
2.2869579792022705
2.239056348800659
1.0533802509307861
2.1402535438537598
2.0628926753997803
2.1407034397125244
2.0851171016693115
2.0556986331939697
2.1010754108428955
2.0067949295043945
2.1449546813964844
2.1376187801361084
1.0444796085357666
1.0518054962158203
1.0019681453704834
1.0675113201141357
2.065673589706421
2.1161041259765625
2.031255006790161
2.181926965713501
2.0298731327056885
1.0310392379760742
1.088085412979126
1.1095857620239258
1.1169052124023438
1.1707916259765625
1.105247974395752
1.060678482055664
1.2285237312316895
1.067147970199585
1.0573346614837646
1.2829811573028564
1.2470240592956543
1.1810622215270996
1.0828874111175537
1.2630891799926758
1.1941571235656738
1.0847752094268799
2.156637191772461
2.198326587677002
2.24471378326416
2.2150204181671143
2.201615571975708
2.138944625854492
2.285771608352661
2.2710494995117188
1.0349400043487549
1.0073039531707764
1.0475785732269287
