26.830833911895752
25.408426761627197
22.8903706073761
41.786052227020264
27.968734741210938
26.508427381515503
40.320494174957275
25.03424859046936
27.47227120399475
18.560903310775757
18.418429374694824
8.126962423324585
33.487839460372925
41.132383584976196
14.86556339263916
21.541276931762695
22.172972202301025
26.67612910270691
21.95899987220764
4.819762229919434
27.921504259109497
22.514842748641968
18.177685737609863
43.507534980773926
41.21215867996216
9.896178245544434
17.572686910629272
18.694395065307617
15.892865180969238
36.768717527389526
29.377816438674927
26.45829749107361
32.83008933067322
40.51749134063721
12.605984926223755
