1.7059760093688965
1.8379089832305908
1.8424901962280273
3.99550461769104
6.670645475387573
5.611116409301758
1.8333563804626465
1.7790513038635254
8.504188060760498
6.052175998687744
8.397786617279053
8.775870561599731
4.841798782348633
4.625095844268799
13.500139713287354
7.353512525558472
5.72597074508667
5.640499114990234
8.248643159866333
8.71825122833252
1.8447535037994385
1.8850774765014648
1.835092544555664
8.679712772369385
5.9511494636535645
13.71679401397705
2.940570116043091
4.089820146560669
10.136742353439331
7.770519018173218
10.736479759216309
9.886046409606934
4.001047611236572
2.853092670440674
10.707787036895752
7.814882040023804
10.14907455444336
2.701242685317993
4.753963947296143
6.389843940734863
4.817457914352417
5.686746120452881
