[2, 13, 6, 2, 1]
[23, 23, 22]
[13, 2, 7, 20, 11, 15, 5]
[22, 2, 15]
[19]
[19, 0, 8, 20, 6, 20, 6]
[21, 11, 19, 7, 18, 10]
[22, 3, 2]
[12, 14, 11, 11, 17, 19, 21, 21, 13, 7, 2, 16, 10, 19]
[4, 14, 18, 7, 9, 19, 0]
[18, 22, 17, 1, 19, 14, 15, 10, 2, 20, 8, 7, 14]
[6, 3, 6, 2, 19, 1, 0, 10, 2]
[10, 23, 8]
[5, 23]
[3, 4, 11, 6, 8, 0, 11, 8]
[1, 6, 12, 9, 11, 2, 17, 23, 4, 9, 23, 5, 2]
[16, 15, 7, 6, 4, 6, 7, 13]
[5, 13, 22, 2, 9, 7, 16, 3, 19, 14]
[23, 1, 5, 14, 18, 4, 19]
[2, 5, 9, 1, 5, 19, 5, 10, 14]
[2, 3, 7, 7, 17, 14, 16, 17, 13, 5, 17, 10, 16]
[22, 1, 11, 3, 9, 21, 22, 12, 14]
[23, 17, 11]
[8]
[10, 13, 2]
[11, 16, 8, 13, 0, 16, 16, 8, 12, 0, 20, 18, 13, 19, 6]
[2]
[5, 12, 9, 7, 9, 1, 11]
[9, 21, 5, 10, 7, 3, 15, 12, 20, 0, 4, 1, 20, 23]
[21, 22, 8, 17, 8, 8, 16, 20, 3]
[12, 20, 16, 0, 2, 7, 15, 5, 5, 11, 7, 9, 20]
[14, 4, 19, 22, 3, 11, 7, 11, 20, 23, 21, 7, 11]
[11, 10, 18, 15, 14, 22, 9, 0, 16, 14, 8, 23, 3, 12, 16]
[16, 10]
