0.0006069366642236709
0.0004179889798959096
0.0010099807398523603
0.000508510943555832
0.00010992698242664338
0.0008883343103885651
0.0007246270676851273
0.00031755777819156647
0.0023368332841770994
0.0009115725558962141
0.0030672398328010853
0.0012870515299929514
0.00028585833702087404
0.0002091001858313878
0.0008855563398434566
0.0020624360595739807
0.001642716975903511
0.0023872847014427185
0.0007954487390968534
0.0017166617394447326
0.0026021186814693307
0.0012069533864736558
0.0003518999864782606
8.983353521823883e-05
0.00042804655881722764
0.002508039613254865
0.00010913458185195923
0.0009920575678927558
0.0021291539562259404
0.0014089484422047933
0.0029482217868951653
0.00478309779586792
0.003380786830401421
0.00023910923244953156
