1.065180778503418
1.011650800704956
1.0397076606750488
1.0681650638580322
1.0161240100860596
1.02738618850708
1.0319578647613525
1.0747897624969482
1.052398920059204
1.1083991527557373
1.064209222793579
1.0346410274505615
0.986161470413208
1.0326697826385498
1.0334091186523438
1.018561601638794
1.0212209224700928
1.0106730461120605
1.003375768661499
1.0873467922210693
1.0889670848846436
1.092308759689331
1.071136713027954
1.1430368423461914
1.0550453662872314
1.074277639389038
1.052095651626587
1.0045764446258545
1.0403776168823242
1.0178701877593994
1.048490285873413
1.0459048748016357
0.9978525638580322
0.9761042594909668
1.0022172927856445
1.1931993961334229
1.2131803035736084
1.1444578170776367
1.167590618133545
1.273357629776001
1.1908791065216064
1.2631382942199707
1.2546355724334717
1.2357122898101807
1.1766526699066162
1.2278783321380615
1.205284595489502
1.219409465789795
1.1524364948272705
1.057574987411499
1.0129225254058838
1.0481059551239014
1.078719139099121
1.0902698040008545
1.059751272201538
1.013375997543335
1.1815223693847656
1.1474478244781494
1.163942813873291
1.2685620784759521
1.1325173377990723
1.102125883102417
2.205575942993164
2.0925450325012207
2.2699882984161377
2.276061773300171
2.2377755641937256
2.2312397956848145
2.255415916442871
1.1290156841278076
0.9374074935913086
1.0680129528045654
0.992546558380127
1.055677890777588
1.1110279560089111
1.0320549011230469
1.1271052360534668
2.0747017860412598
1.0552878379821777
1.0812907218933105
0.9807424545288086
1.0422120094299316
1.0480930805206299
1.0188558101654053
1.0609080791473389
1.0206780433654785
1.0236637592315674
1.0178658962249756
1.1372466087341309
1.0809555053710938
1.0607409477233887
1.1958179473876953
1.18953537940979
1.263869047164917
1.2314276695251465
1.139247179031372
1.1055243015289307
1.2693665027618408
1.0971789360046387
1.172273874282837
1.1482367515563965
1.051424264907837
1.1893582344055176
1.1194345951080322
1.0144627094268799
1.0525116920471191
1.0242280960083008
1.0300333499908447
1.0351848602294922
2.094942092895508
2.207430124282837
2.1341285705566406
1.091522216796875
1.1082136631011963
1.1132419109344482
1.0702717304229736
2.0518007278442383
2.199706792831421
2.116446018218994
2.2211225032806396
2.2910966873168945
2.2002551555633545
1.0249640941619873
1.043954610824585
1.0002834796905518
1.032942771911621
1.0445380210876465
1.0231928825378418
0.9870157241821289
1.118600606918335
1.0657141208648682
1.052433729171753
1.1240363121032715
0.9927797317504883
1.0565142631530762
2.0477800369262695
2.243046522140503
2.170839786529541
1.260986328125
1.1034879684448242
1.0600130558013916
1.0698966979980469
1.1417272090911865
1.205615520477295
1.151491403579712
1.1999537944793701
1.1795692443847656
2.419494390487671
2.129426956176758
2.155266523361206
3.2143208980560303
1.0875911712646484
1.1335349082946777
1.787524938583374
1.0654902458190918
1.0648975372314453
1.059295415878296
0.9899568557739258
1.0611107349395752
1.0929579734802246
1.0773067474365234
1.0471453666687012
1.0875701904296875
0.9796459674835205
1.0942738056182861
1.0450661182403564
1.070206880569458
1.2681498527526855
1.1681132316589355
1.2442612648010254
1.1657483577728271
1.1813266277313232
1.14036226272583
1.1917874813079834
1.2663674354553223
1.1883416175842285
1.2304961681365967
1.2435872554779053
1.2638647556304932
1.0823421478271484
1.1634128093719482
1.1121430397033691
0.9351720809936523
1.0095577239990234
1.039093255996704
1.039996862411499
0.9959726333618164
0.9973952770233154
1.0381371974945068
1.0619785785675049
1.1415247917175293
1.940197229385376
1.0514917373657227
1.2140016555786133
1.2592806816101074
1.2141122817993164
1.2209720611572266
1.093242883682251
1.161475658416748
1.1454050540924072
1.1446964740753174
1.1944596767425537
1.2237169742584229
1.1878068447113037
1.0609335899353027
1.0876033306121826
1.046147108078003
0.9865796566009521
1.0380046367645264
0.9894845485687256
1.059321641921997
1.0593047142028809
2.237092971801758
1.1298789978027344
1.2074978351593018
1.2561671733856201
1.2486231327056885
1.1665618419647217
1.2183399200439453
1.1558518409729004
2.259002685546875
2.143937110900879
2.145716667175293
2.2623300552368164
2.1728835105895996
2.3223514556884766
2.1592330932617188
2.2356953620910645
2.1445040702819824
2.2045369148254395
2.2807681560516357
2.2639787197113037
2.1732773780822754
2.2216172218322754
2.169034719467163
2.1632847785949707
2.249089241027832
2.1868197917938232
2.241008758544922
1.1914594173431396
1.2119364738464355
1.1687560081481934
1.1790988445281982
1.235851764678955
1.17799973487854
1.2502741813659668
1.1209287643432617
2.276799201965332
2.179644823074341
2.19248104095459
2.333401679992676
2.296171188354492
2.22892427444458
2.3058364391326904
1.0245585441589355
1.0243637561798096
