25.244224071502686
7.531370639801025
16.75220036506653
6.362014293670654
10.354515790939331
22.177173137664795
18.301183223724365
11.551620721817017
33.51173186302185
18.733036041259766
38.36252999305725
26.741642951965332
10.817855834960938
8.061402559280396
29.438541412353516
31.731523275375366
23.02435040473938
29.66296148300171
22.858837842941284
24.665159702301025
38.874526023864746
28.113102436065674
21.19840717315674
6.853883504867554
7.483804225921631
35.71015787124634
7.016695261001587
15.617019653320312
40.68225407600403
24.356597661972046
39.68700122833252
38.18943452835083
43.49117875099182
11.060734033584595
