1.0242106914520264
1.0183875560760498
1.0769751071929932
1.0574688911437988
1.0736310482025146
1.0728375911712646
1.0762765407562256
1.0714519023895264
1.0305023193359375
1.0500831604003906
1.0443761348724365
1.0065124034881592
0.9835128784179688
1.039712905883789
2.012084722518921
2.1139888763427734
2.084582805633545
2.0847251415252686
2.0833773612976074
2.1605303287506104
2.0764408111572266
2.1124391555786133
2.218540906906128
2.1135172843933105
2.15869402885437
2.230539321899414
2.2621254920959473
1.050180435180664
1.0984070301055908
2.0411179065704346
2.1552045345306396
2.055448532104492
2.0903759002685547
2.1837456226348877
2.0159528255462646
2.1528451442718506
1.044405221939087
1.0000500679016113
1.0604426860809326
1.1745352745056152
2.1984901428222656
2.0566093921661377
2.196396827697754
2.046703577041626
2.2526695728302
2.1094894409179688
1.0758306980133057
1.0422143936157227
1.0727486610412598
1.0206077098846436
1.0031242370605469
2.234614372253418
2.0782430171966553
1.1345701217651367
1.2341325283050537
1.1834039688110352
1.1753854751586914
1.1176972389221191
1.1387534141540527
1.0586843490600586
2.3105013370513916
2.1845338344573975
2.2006514072418213
2.2962827682495117
2.2230238914489746
2.2487711906433105
1.0742065906524658
1.043252944946289
2.1745729446411133
2.110476016998291
2.1636104583740234
2.1466798782348633
2.1824731826782227
2.177046537399292
2.116909980773926
1.1685049533843994
1.0968852043151855
1.2520091533660889
1.1216943264007568
1.10109543800354
1.2201588153839111
1.1340184211730957
1.1130821704864502
1.1011021137237549
2.3226478099823
2.2613847255706787
2.2799112796783447
2.154120683670044
1.0554773807525635
1.0303306579589844
2.12522292137146
2.142064094543457
2.138298988342285
2.1628432273864746
1.0652716159820557
1.0940961837768555
1.0587024688720703
1.063446283340454
1.098686933517456
1.0148406028747559
1.049743413925171
1.1169695854187012
1.0806968212127686
1.0493195056915283
0.9724106788635254
1.0516462326049805
1.0579314231872559
0.9964203834533691
1.0482850074768066
1.0419087409973145
1.1014807224273682
1.0187265872955322
1.103414535522461
1.0318970680236816
1.0419318675994873
1.168809175491333
1.075683832168579
1.2000555992126465
1.120779037475586
1.133394718170166
1.2304201126098633
1.196662425994873
1.1052711009979248
1.2189342975616455
1.2201244831085205
1.2185814380645752
1.2545533180236816
1.1825742721557617
