8.501722812652588
7.677951097488403
13.46245527267456
2.6507961750030518
13.751596450805664
6.051464080810547
6.042595148086548
22.164027452468872
7.686559200286865
7.461235284805298
11.497901678085327
8.806470394134521
1.687117576599121
6.404936790466309
10.712072610855103
2.931100606918335
3.90830397605896
2.79036545753479
4.685704469680786
1.7763490676879883
6.37276291847229
6.511843204498291
11.37506914138794
10.38590383529663
2.8499436378479004
3.6835477352142334
13.479266166687012
11.646732091903687
2.690953493118286
6.640904903411865
4.070430517196655
5.938762903213501
11.669264554977417
13.928434610366821
7.610617637634277
2.921668291091919
8.11002779006958
