[23, 7, 12, 20, 10, 9, 10, 12, 13]
[0, 22, 1, 19, 19, 5, 23, 10, 13, 10]
[11, 4, 17, 11, 1, 4, 11, 21, 21, 1, 23, 20, 13, 6]
[7, 10, 16, 17, 9, 6, 4, 5]
[7, 21, 21, 1, 18, 14, 20, 20, 12, 7, 22, 6, 2, 22]
[2]
[21, 17, 5, 21, 13, 17, 24, 12, 10, 1, 18, 2, 6]
[11, 19, 1, 12, 11, 2, 16]
[8, 3, 21, 10, 22, 18, 6]
[13, 21, 11, 13, 17, 2, 8, 8, 17]
[2, 1, 14, 7, 11, 2, 11, 4, 17, 20, 0, 13, 22]
[11]
[19, 18, 20]
[4, 9, 2, 24, 15, 10, 8, 14, 20, 14]
[11, 11, 1, 24, 11, 21]
[15, 18, 13, 10, 0, 1, 12]
[9, 11, 8, 15, 18, 24, 23, 1, 20]
[8, 5, 12]
[14, 6, 7, 11, 7, 20, 3, 23, 9]
[2, 4]
[4, 22, 4, 23, 22, 0, 1, 8, 13]
[24, 13, 4, 20, 19, 1, 4, 22, 11, 18, 6, 1, 14, 3]
[24, 8, 0, 5, 4, 24, 0]
[9, 20, 2, 22, 2, 3, 24, 23, 12]
[6]
[16, 10, 2, 11, 14, 2, 1, 2, 5]
