0.002274033032324579
0.003607844918847084
0.004839553620488303
0.000945191773525874
0.0033637605522087643
0.00010409890740258352
0.0026678698849072827
0.002436125038743019
0.0008121334507022585
0.002474902214203941
0.004224378425763204
6.965031487941742e-05
0.0003079565074284871
0.002542374171829224
0.0008379618494510651
0.0015886198515006474
0.0027991277995506924
0.00037917564976031965
0.00128059827542305
0.00021410448949337005
0.0011756713248703215
0.0026842451960972374
0.0011733814741270883
0.0019672505448977153
0.00010453921449184418
0.0012695963228940964
