0.9852302074432373
1.0153863430023193
1.0667641162872314
2.0845420360565186
2.0776920318603516
2.079824686050415
2.052839517593384
2.0775740146636963
2.2998204231262207
2.1945269107818604
2.1626334190368652
2.131378412246704
2.174578905105591
2.133727550506592
2.2236428260803223
2.1711325645446777
2.1555755138397217
2.155693769454956
2.1398510932922363
1.1500990390777588
2.2443931102752686
2.2423551082611084
2.146298408508301
2.2768049240112305
2.234729528427124
2.3140642642974854
2.18601131439209
2.3230130672454834
2.2578654289245605
2.167039632797241
2.1430890560150146
2.3119688034057617
2.333430767059326
1.0635273456573486
1.0540382862091064
1.066643238067627
1.0635271072387695
1.0598785877227783
1.057405948638916
1.0791294574737549
1.0600247383117676
1.131326675415039
1.17197585105896
1.0879406929016113
1.1876568794250488
1.088773488998413
1.199845314025879
1.2308857440948486
2.1716413497924805
2.3448846340179443
2.219341516494751
2.313002347946167
2.3763327598571777
2.390272855758667
2.4385077953338623
0.9501791000366211
1.1613311767578125
1.136035442352295
1.2144043445587158
1.2292263507843018
1.2018818855285645
1.2027153968811035
1.1921379566192627
1.1543617248535156
1.1761553287506104
1.155895471572876
2.2955074310302734
2.2753617763519287
2.1804816722869873
2.1216254234313965
2.0861294269561768
2.0017263889312744
2.1906728744506836
1.993593692779541
2.059372901916504
2.1607067584991455
1.0466742515563965
1.0648679733276367
1.0653586387634277
1.053713083267212
1.065767526626587
1.0683109760284424
1.0481829643249512
1.157893419265747
1.0720391273498535
2.196113109588623
2.074113368988037
2.145899534225464
2.07966947555542
2.133814573287964
2.107898473739624
2.1625442504882812
1.1402618885040283
1.2682623863220215
2.2026236057281494
2.302941083908081
2.0983266830444336
2.1696364879608154
2.1641716957092285
2.1130285263061523
2.109208583831787
2.165165662765503
2.368964910507202
2.2808172702789307
2.1837236881256104
1.0442326068878174
0.9716248512268066
1.0467519760131836
1.06016206741333
1.0421741008758545
1.173870325088501
1.19417405128479
1.058152198791504
1.0221188068389893
2.1640512943267822
2.1829330921173096
2.1895458698272705
2.079376697540283
2.1180717945098877
1.0148065090179443
0.9982836246490479
1.0410008430480957
1.0197172164916992
0.9675130844116211
2.139157295227051
1.0468099117279053
0.9789927005767822
0.9869394302368164
2.076688766479492
2.0967700481414795
2.0711262226104736
2.2436957359313965
0.9982538223266602
2.1663835048675537
2.2997734546661377
2.080120801925659
2.0509033203125
2.044074535369873
2.239189624786377
2.0276198387145996
2.084218978881836
1.0380737781524658
1.0746850967407227
1.0327222347259521
1.044844388961792
1.0306236743927002
1.1311817169189453
1.0784649848937988
1.0732440948486328
1.0337004661560059
1.0217132568359375
1.1613459587097168
1.026968002319336
1.0336177349090576
0.972984790802002
1.042985200881958
1.0307841300964355
1.0814545154571533
1.1859500408172607
1.0601916313171387
1.0511412620544434
1.017291784286499
1.0566577911376953
1.0900499820709229
1.2055811882019043
1.018993616104126
1.2098701000213623
1.0532145500183105
1.2414436340332031
1.109276533126831
1.20302414894104
1.26350736618042
1.2053725719451904
1.1463775634765625
1.1877970695495605
1.1236622333526611
2.313568592071533
2.19575834274292
1.0366864204406738
1.048753023147583
1.0558865070343018
1.0615911483764648
1.036525011062622
2.113039493560791
2.122279405593872
1.0639162063598633
1.0296409130096436
1.0389599800109863
1.0431358814239502
2.1640470027923584
2.106842041015625
2.123948335647583
2.1034903526306152
2.0767107009887695
0.9797489643096924
1.021228313446045
1.0681931972503662
1.0903594493865967
1.0480802059173584
1.0274853706359863
0.9898889064788818
1.114485502243042
1.0871706008911133
1.0727009773254395
