0.00011225754132270814
0.000409657983024915
0.0008015901149034501
0.001088570752509435
0.00011421892747879027
0.0010110219641038351
0.0008121365590367997
0.001089354589533806
0.003020050836896897
0.0036291786378860476
0.001008876060819626
0.0003004639241774877
0.0001131156896182469
0.00010632324727262769
9.858257353305818e-05
0.001519897352218628
9.948850838343301e-05
0.0015965524186849597
0.00036991110198497776
6.417889411449432e-05
0.0024749389600992205
0.0016408042996883393
0.0003172928028345108
0.0009277642531326838
0.000708877298784256
0.002994880004739762
0.0008454941298723221
