0.9619326591491699
1.0035500526428223
1.0605700016021729
1.0075469017028809
1.068420171737671
1.1332383155822754
1.0788264274597168
1.0964765548706055
1.0613818168640137
1.0030410289764404
1.0711753368377686
1.078235387802124
1.0645670890808105
1.0980958938598633
1.0644440650939941
1.0570082664489746
1.0899109840393066
1.141469955444336
1.0853922367095947
1.115074634552002
0.9787397384643555
1.0498714447021484
1.0619769096374512
1.0686359405517578
1.0669043064117432
0.9910516738891602
1.005953311920166
1.075033187866211
1.0622172355651855
1.046257495880127
1.0645790100097656
1.1358377933502197
1.0287706851959229
1.072618007659912
1.0026235580444336
1.0551035404205322
1.0349867343902588
1.0621206760406494
2.2085704803466797
2.064948558807373
1.052398681640625
1.122147798538208
2.9415173530578613
2.1798877716064453
2.1275510787963867
2.1415913105010986
2.2007830142974854
2.276872158050537
2.203838348388672
2.339989423751831
1.1686148643493652
1.2256643772125244
1.15865159034729
1.0872445106506348
1.2585351467132568
1.09132719039917
2.2999491691589355
2.1767890453338623
2.2716195583343506
2.319072723388672
2.2138946056365967
2.242339849472046
2.2349987030029297
2.2333524227142334
1.1179993152618408
1.1552379131317139
1.0805516242980957
1.089829683303833
1.0633444786071777
1.0639522075653076
1.0305554866790771
1.0435683727264404
0.9395341873168945
1.0682001113891602
0.995903730392456
1.0324811935424805
0.9704821109771729
0.985497236251831
1.0633814334869385
1.198566198348999
1.0183148384094238
1.1765398979187012
1.0632188320159912
1.1193714141845703
1.0642600059509277
1.1490423679351807
1.1643893718719482
1.1014039516448975
0.9945535659790039
1.113060474395752
1.0456976890563965
1.167473316192627
1.0083773136138916
1.1303520202636719
1.086306095123291
1.093841314315796
1.0402281284332275
1.103381872177124
1.094393014907837
1.0858712196350098
1.0177505016326904
1.0661392211914062
0.9622023105621338
1.2218225002288818
1.131871223449707
1.2172636985778809
1.233872890472412
1.219442367553711
1.242760181427002
1.2715840339660645
1.2123267650604248
1.2534518241882324
1.144012212753296
1.2295849323272705
1.2043070793151855
1.2491638660430908
1.2051897048950195
1.0688574314117432
1.0342812538146973
1.061004638671875
1.0522823333740234
1.0236597061157227
2.122811794281006
2.1346817016601562
2.0818445682525635
0.9978635311126709
0.9783148765563965
0.9975123405456543
1.0657386779785156
1.0617890357971191
1.0409131050109863
1.0904099941253662
1.0890719890594482
1.0005404949188232
1.0453286170959473
1.074521780014038
1.0325825214385986
0.9708402156829834
1.04573655128479
1.0304591655731201
1.001368761062622
0.99336838722229
1.141087532043457
1.1485090255737305
1.2660801410675049
1.142853021621704
1.2285022735595703
1.2364773750305176
1.2010159492492676
1.2686445713043213
1.2314906120300293
1.1988568305969238
1.235666036605835
1.2858059406280518
1.2377345561981201
2.2292428016662598
2.363029956817627
1.0544335842132568
1.0098183155059814
1.0887138843536377
1.0158231258392334
1.078643798828125
0.9860918521881104
1.011497974395752
