[14, 18, 14, 16, 1, 5]
[9, 18, 11]
[14, 7, 5, 8, 1, 0, 4, 11, 15]
[14, 13, 3, 10, 0, 13, 3, 17, 12]
[17, 11, 16, 14, 14, 3]
[5]
[0]
[15, 13, 6, 18, 8, 17, 8, 13, 1, 9, 3, 1, 1]
[1]
[2, 2, 10, 5, 11, 5, 9, 0, 16, 1, 15, 11, 1]
[10, 12, 17, 14, 17]
[14, 10, 16, 16, 5, 5, 14, 18]
[1, 0, 12, 3, 6, 7, 18, 11, 12]
[14, 7, 9, 5, 11, 4, 15, 2]
[13, 9, 5, 10, 12, 2, 18, 16, 4]
[15, 15, 18, 12, 17, 6, 3, 9, 6]
[8, 14, 12, 13, 2, 12, 0, 16, 7, 17, 14, 16, 3]
[1, 14, 9, 0, 6, 5, 3, 17, 12]
[11, 2, 7, 10, 14, 15, 1, 0, 3, 3]
[11]
[16, 7, 7, 4, 9, 1, 15, 8, 14, 7]
[8, 8, 4, 15, 15, 13, 8, 9, 14, 4, 9, 15, 16]
[7, 3, 11, 8, 13, 2, 11, 3, 16, 11, 16, 15, 18, 3]
[2, 9, 14, 15, 17]
[18, 15, 5, 11, 15, 4, 8, 9, 8]
[14]
[10, 3, 4, 14, 1, 6, 16, 18, 14]
[8]
[7, 13, 15, 17, 9, 12, 0]
[13, 7, 11, 4, 18, 8, 17, 9, 13]
[4, 15, 14, 2, 1, 8, 8, 5, 14]
[11, 3, 14, 7, 18, 9, 2]
[16, 16, 10, 13, 10, 1, 2, 0, 1, 8, 14, 5, 8, 3, 3]
[16, 14]
[8, 11, 18, 8, 11, 0, 0, 16, 7, 18, 9, 10, 6, 13, 10]
[11, 3, 16, 10, 5, 7, 16, 11]
[3, 3, 4, 13, 16, 11, 2, 18, 13]
[10, 11, 0]
[15, 10, 15, 11, 3, 18, 5, 17, 10]
[3, 14, 4, 7, 9, 18, 5, 2, 4]
