0.0011161778063933055
0.00031206604351202645
0.0012156898206419414
0.0010882465914593803
0.0007396822798490525
6.78262323141098e-05
0.00010502922357718148
0.002667732251774348
0.00011497669909000396
0.0032628583677126815
0.000940838872051239
0.0016861373418807985
0.0011222741131067275
0.0009553840626955033
0.0018294980418523152
0.002889843309651481
0.0032691416062520105
0.0014444673510498472
0.0023526242136955263
0.0003267705584049225
0.002703238668251038
0.003257170733681092
0.003634835535100528
0.0005533640585660935
0.0014329847855329514
0.00010247131552355629
0.001309887180240949
0.00011721534779412406
0.0007956511541707175
0.0012922228149970373
0.002708674251151085
0.0016161238541569029
0.003264450526777903
0.00022902559837235345
0.0032192140058040623
0.0009831573730230332
0.0009851943933183497
0.0003673423577785492
0.001572430229306221
0.0018046682657082873
