1.0483345985412598
1.028960943222046
1.0798313617706299
1.048980712890625
2.0617873668670654
2.101346254348755
1.0859472751617432
0.9940938949584961
1.0395793914794922
1.1189625263214111
1.0933637619018555
1.088498592376709
1.0498394966125488
1.0735735893249512
1.113490343093872
1.0906243324279785
1.0863556861877441
2.2232186794281006
1.1156303882598877
1.0882446765899658
1.0668258666992188
1.1278634071350098
1.057783603668213
1.0768320560455322
0.9997479915618896
1.090501308441162
1.1678526401519775
1.0576858520507812
1.1745412349700928
1.0574374198913574
1.0479686260223389
0.9587700366973877
1.0419197082519531
1.0168850421905518
1.0499422550201416
1.224135160446167
1.256544589996338
1.1453068256378174
1.1058521270751953
1.150885820388794
1.2098805904388428
1.2060627937316895
1.190199851989746
1.1691656112670898
2.321096658706665
2.149660110473633
2.2320711612701416
2.2648074626922607
0.9852330684661865
1.175020456314087
1.144550085067749
1.1657085418701172
1.1061301231384277
1.1447529792785645
1.1963205337524414
1.2395479679107666
2.202755928039551
2.3238041400909424
2.303809881210327
2.07033109664917
2.2562825679779053
2.234281301498413
1.0584709644317627
1.0296437740325928
1.051175832748413
2.1238808631896973
2.1625497341156006
1.1363189220428467
1.0496346950531006
1.0666978359222412
1.0544970035552979
2.218588352203369
2.144040822982788
2.1867620944976807
2.194058895111084
1.0285258293151855
1.0687925815582275
1.0671803951263428
1.1091716289520264
1.0944063663482666
1.0464026927947998
1.0706915855407715
1.0629730224609375
1.0686006546020508
1.0417308807373047
0.9635472297668457
1.0565295219421387
0.9854156970977783
1.0705947875976562
1.0107710361480713
1.0244193077087402
1.033658742904663
0.9978752136230469
1.0835494995117188
1.0543529987335205
1.0146477222442627
1.036867618560791
2.2298424243927
2.110015869140625
2.0584702491760254
2.1321842670440674
0.9646894931793213
1.1314246654510498
2.0937349796295166
2.23594069480896
2.2094223499298096
2.183652877807617
2.080766439437866
3.5923333168029785
2.0816192626953125
1.1038010120391846
1.2320609092712402
1.146515130996704
1.0535392761230469
1.0973241329193115
1.252458095550537
2.2635464668273926
2.3238844871520996
2.186066150665283
2.181091070175171
2.459719657897949
2.27001690864563
2.1919288635253906
1.0594148635864258
1.0455498695373535
1.0666189193725586
1.0569021701812744
1.1199159622192383
1.083568811416626
1.0497608184814453
2.129192352294922
2.204223155975342
1.0482518672943115
1.1733839511871338
1.0828981399536133
1.0754444599151611
2.170168399810791
2.1469173431396484
2.0765671730041504
2.15165638923645
2.188668966293335
2.0961692333221436
1.9602313041687012
1.0977575778961182
1.030665397644043
0.9853982925415039
2.3157079219818115
2.192660093307495
2.094305992126465
2.2554428577423096
2.1664156913757324
2.1583924293518066
2.1302385330200195
1.096287488937378
1.1403334140777588
1.1899182796478271
1.1944382190704346
1.20650315284729
1.0926368236541748
2.3260278701782227
2.32454776763916
2.213043689727783
2.1519298553466797
2.1699016094207764
2.279844045639038
2.2931907176971436
1.1457536220550537
1.0864245891571045
1.0197758674621582
1.2782695293426514
1.1153831481933594
1.2524020671844482
2.4178125858306885
2.1599550247192383
2.324169635772705
2.238502025604248
2.1232802867889404
2.2756402492523193
2.319013833999634
2.2646114826202393
1.0413994789123535
0.9602832794189453
0.9813520908355713
0.9840781688690186
1.0116698741912842
1.0734882354736328
1.1107301712036133
0.9784727096557617
1.1214065551757812
1.0947165489196777
1.0558452606201172
1.0414128303527832
1.047877311706543
2.220750093460083
0.9353229999542236
1.0712504386901855
1.0575165748596191
1.041426420211792
1.0314910411834717
1.1035065650939941
1.0750000476837158
1.39249587059021
1.0080828666687012
1.040928602218628
1.069901466369629
1.0861060619354248
1.0090653896331787
1.0330541133880615
1.0411176681518555
1.0666694641113281
1.0072910785675049
1.0191268920898438
1.0358295440673828
1.0526878833770752
1.071763515472412
1.0148885250091553
1.034923791885376
1.1241254806518555
1.0514864921569824
1.1351921558380127
1.168351411819458
1.038999080657959
1.056922435760498
1.1008846759796143
2.1725564002990723
2.1819534301757812
2.1087920665740967
2.257938861846924
2.076981544494629
2.253767251968384
0.9611396789550781
1.0600790977478027
1.0485358238220215
2.092346429824829
2.2178072929382324
2.2195889949798584
2.10064435005188
1.2555553913116455
1.1942229270935059
1.2821121215820312
1.1759943962097168
1.2339668273925781
1.1759974956512451
1.2351884841918945
1.1779959201812744
1.234910488128662
2.178001642227173
2.224682092666626
2.2671499252319336
2.3531787395477295
2.207170009613037
2.2811331748962402
1.0368945598602295
1.0237176418304443
1.1540758609771729
1.0712742805480957
1.1675758361816406
1.171670913696289
1.2099432945251465
1.130875587463379
1.1752116680145264
1.1069257259368896
1.2188200950622559
1.0363795757293701
1.2285797595977783
2.3754074573516846
2.3052871227264404
2.3289713859558105
2.263200521469116
1.0681383609771729
1.0671641826629639
1.0478477478027344
1.0439093112945557
1.0661838054656982
1.0003869533538818
1.0372576713562012
1.0937681198120117
1.0635442733764648
1.0401763916015625
1.0913748741149902
1.0665996074676514
1.1022210121154785
1.0603206157684326
1.0253407955169678
1.0424063205718994
1.0671043395996094
1.0887033939361572
1.00290846824646
1.0561375617980957
1.0546503067016602
1.0540401935577393
1.025928020477295
1.0084497928619385
1.0987937450408936
1.060875415802002
1.0509591102600098
2.1692843437194824
2.2672982215881348
1.0694763660430908
1.051100730895996
0.9809122085571289
1.0166668891906738
1.0479376316070557
2.2554430961608887
2.0742526054382324
2.0880937576293945
1.9477458000183105
