18.263929843902588
9.695390462875366
26.675201177597046
26.69208860397339
18.41014337539673
3.855869770050049
6.113326072692871
35.999184370040894
9.10199499130249
33.00014591217041
15.721615552902222
24.263798475265503
28.250152826309204
22.875400066375732
26.74920630455017
28.46786093711853
38.33323311805725
26.619950532913208
29.864543676376343
3.7517549991607666
29.903099298477173
38.396207332611084
41.72486591339111
19.468111991882324
22.59053373336792
10.238854885101318
21.866543769836426
10.33990740776062
20.981505632400513
22.494817972183228
23.705283164978027
21.214378595352173
44.37668704986572
14.180903673171997
37.592164754867554
23.7750825881958
28.70381498336792
10.916330814361572
23.744236707687378
26.71503448486328
