4.900227308273315
7.817260265350342
6.586975812911987
13.465648412704468
5.828874111175537
8.450385332107544
7.8266966342926025
9.97345757484436
7.6154465675354
10.007758617401123
22.716041326522827
8.936716079711914
11.285918951034546
10.00359058380127
7.408602714538574
5.714031934738159
1.8170199394226074
11.537331104278564
7.302267789840698
7.412580728530884
7.9887330532073975
6.538458824157715
2.7289342880249023
5.839284896850586
11.39885950088501
10.043386936187744
2.886237144470215
7.914777517318726
6.230356454849243
1.7909395694732666
9.192579984664917
7.767449855804443
10.830786228179932
9.089422941207886
8.135054111480713
2.960768461227417
10.929309368133545
9.976219177246094
1.8095839023590088
10.616753816604614
5.574163913726807
2.671095609664917
11.136083126068115
11.721202850341797
2.9435622692108154
13.785889387130737
