4.897688627243042
7.931513786315918
10.583638668060303
7.4152491092681885
6.006791591644287
7.408793210983276
1.6543078422546387
7.514517784118652
7.906718969345093
2.9194576740264893
4.061787843704224
11.67736291885376
9.882653713226318
6.067097187042236
3.963486671447754
10.087991952896118
13.75761079788208
10.083422183990479
9.89289116859436
12.87774109840393
2.883852481842041
3.952688455581665
6.243708848953247
13.67486047744751
7.415642976760864
1.6880426406860352
6.766885042190552
2.873159646987915
4.818893909454346
7.335459232330322
1.8406171798706055
11.46855092048645
1.8033087253570557
10.505961894989014
7.278828859329224
1.855914831161499
8.954996824264526
1.7782320976257324
10.559573650360107
11.772963285446167
3.9983227252960205
2.908167839050293
2.9048070907592773
6.176634311676025
10.78660798072815
8.092394351959229
1.824460506439209
8.622632026672363
8.540793180465698
14.718151569366455
6.0395119190216064
