1.0237617492675781
1.0185737609863281
2.096632242202759
1.0731804370880127
1.0635364055633545
1.0665686130523682
1.0800459384918213
1.030052900314331
1.0698292255401611
1.0824837684631348
1.008420705795288
1.0727019309997559
0.9291493892669678
1.1151149272918701
1.0538349151611328
1.0531256198883057
1.0547618865966797
1.0111539363861084
1.1282317638397217
1.1093542575836182
1.0885906219482422
1.0220122337341309
1.052994728088379
1.0297486782073975
1.0716822147369385
1.0548746585845947
1.1274032592773438
1.0309112071990967
1.088341236114502
1.0803728103637695
2.118053436279297
2.2231533527374268
2.135319232940674
2.1471340656280518
2.179948091506958
2.1640398502349854
1.1292660236358643
2.129819869995117
2.3574140071868896
2.3382909297943115
2.173529863357544
2.3073954582214355
2.2096359729766846
2.2807717323303223
2.271038770675659
2.187366485595703
2.289707899093628
2.1708900928497314
2.416135549545288
1.0888538360595703
1.0610630512237549
1.0056583881378174
1.0900161266326904
1.0535080432891846
1.132300853729248
1.0588266849517822
2.1671512126922607
1.0592551231384277
1.041991949081421
1.0402355194091797
1.0385174751281738
1.0270776748657227
0.9973039627075195
1.0874197483062744
0.9976711273193359
1.0271754264831543
1.0847206115722656
1.0597176551818848
1.0464470386505127
1.0548748970031738
1.0394370555877686
1.0581309795379639
1.0364365577697754
1.0536479949951172
1.0600144863128662
1.1483209133148193
1.0413193702697754
1.0393121242523193
1.0672965049743652
1.0260581970214844
1.072657823562622
1.0728058815002441
1.069523811340332
0.9721195697784424
1.0093140602111816
1.0048785209655762
