0.9824483394622803
1.0810511112213135
2.278130292892456
1.050551414489746
1.0724949836730957
1.2462716102600098
1.0973396301269531
1.0305798053741455
1.02813720703125
1.078122854232788
1.0706226825714111
1.1222507953643799
1.0165555477142334
1.0642752647399902
1.0605223178863525
1.1111667156219482
1.0159924030303955
1.0685372352600098
1.062753438949585
1.024730920791626
1.0942585468292236
1.1090750694274902
1.0653979778289795
1.0407280921936035
1.0555953979492188
1.065269947052002
1.0459790229797363
1.0962612628936768
1.0621006488800049
1.029050588607788
2.1239242553710938
2.0795352458953857
2.245744228363037
2.0642173290252686
2.915738821029663
2.0901875495910645
1.2404167652130127
2.1999566555023193
2.1718029975891113
2.2009167671203613
2.2571709156036377
2.2944998741149902
2.361785411834717
2.2956056594848633
2.2014129161834717
2.2431724071502686
2.1887123584747314
2.2605056762695312
2.2365028858184814
1.0776405334472656
1.0520391464233398
1.0496084690093994
1.0444202423095703
1.0212342739105225
1.1054904460906982
0.9889247417449951
2.2104039192199707
0.9923882484436035
1.0016353130340576
1.0275514125823975
0.9935171604156494
1.0214357376098633
0.9738402366638184
1.0560481548309326
1.0504083633422852
1.0146021842956543
1.098902702331543
1.0840234756469727
1.0794425010681152
1.1002280712127686
1.1168344020843506
1.072892427444458
1.0927371978759766
1.0945003032684326
1.0019540786743164
1.005995512008667
1.0352706909179688
1.0020637512207031
1.0674316883087158
1.047421932220459
1.06646728515625
1.028599739074707
1.022040843963623
1.0120933055877686
0.9788157939910889
1.049715280532837
