0.000987135513997078
0.0042843958396159695
0.0009802206358909607
0.00010324129439422063
0.0003045630140463511
0.0008791672431945802
0.004215417116485323
0.003123441715423266
0.00033321432135105137
0.000743990172290802
0.0014352472757577896
0.0031906602345943454
0.00021839511113507404
0.000308666539978981
0.0006383880817846818
0.0012917610610485078
0.0010038358168436932
0.00011183918795585633
0.0017372547052438444
0.0003415098613023758
0.001280182274079323
0.00011472536988258362
0.0007127225827932358
0.002310951236026628
0.0004887802449703217
0.00010015754311879475
9.847098029454549e-05
0.0012584074352661768
0.0010023403860058104
0.0036005805877685542
0.00509646032986641
0.0008717722850496118
0.0008791203984737396
0.0029383417094028916
