1.0689470767974854
1.0744621753692627
1.0641396045684814
1.1226422786712646
1.0456273555755615
1.01810622215271
1.0538814067840576
1.0109386444091797
1.0588409900665283
1.1768975257873535
2.301506280899048
2.1787824630737305
2.2893784046173096
2.1278536319732666
2.1681532859802246
2.378986358642578
2.1910922527313232
2.304619550704956
2.293896198272705
2.229116201400757
2.2454590797424316
1.0354626178741455
1.0062556266784668
1.028095006942749
1.180887222290039
1.082594394683838
1.0018444061279297
1.0177443027496338
1.0466077327728271
0.9423511028289795
1.0236916542053223
0.9785802364349365
1.0423433780670166
1.0194118022918701
1.0779643058776855
1.0935344696044922
1.0756640434265137
1.0073740482330322
1.2141406536102295
1.1894779205322266
1.215421199798584
1.1524019241333008
2.3309600353240967
2.3298819065093994
2.2169930934906006
2.266420841217041
2.3079609870910645
2.2700858116149902
2.3818764686584473
2.226423740386963
2.3684122562408447
2.1871678829193115
1.1419215202331543
1.2493586540222168
1.1212570667266846
1.2181720733642578
1.2528319358825684
1.0497329235076904
1.1592085361480713
1.1448533535003662
1.2637619972229004
1.202566385269165
2.332655906677246
2.3669891357421875
2.291548013687134
2.3910579681396484
2.2340424060821533
1.0581889152526855
1.0427114963531494
1.022007942199707
1.0467517375946045
1.0009291172027588
0.97471022605896
0.9839198589324951
1.056288242340088
1.0420856475830078
1.0353360176086426
1.0802831649780273
1.0907824039459229
1.1047999858856201
1.0313282012939453
1.0984063148498535
0.9977073669433594
1.064861536026001
1.0474350452423096
2.2460601329803467
2.1388440132141113
2.128277540206909
2.1031899452209473
2.116790294647217
2.068091630935669
2.062875986099243
2.2104687690734863
2.129847764968872
2.1817474365234375
1.030482530593872
0.9629530906677246
1.0013055801391602
1.0429377555847168
1.041393518447876
1.066070318222046
1.078056812286377
1.0189173221588135
1.0469427108764648
0.9798574447631836
1.0042710304260254
1.0328948497772217
1.087911605834961
1.0584521293640137
1.0470314025878906
0.9974610805511475
1.06638765335083
1.047133445739746
1.0399072170257568
1.0454304218292236
1.0388014316558838
1.0268795490264893
1.0707008838653564
1.0779924392700195
1.0151550769805908
1.1224100589752197
1.0757853984832764
1.072500228881836
0.9583477973937988
1.1762638092041016
1.1729979515075684
1.1756196022033691
1.170891284942627
1.1711061000823975
1.123652458190918
1.2503023147583008
1.221816062927246
1.2056024074554443
1.2654836177825928
1.1734566688537598
1.094620943069458
1.1920325756072998
1.0846898555755615
1.0220229625701904
1.0939419269561768
1.0508959293365479
1.0993411540985107
1.1050539016723633
1.0551002025604248
1.0670018196105957
1.0498924255371094
1.066558837890625
1.0602777004241943
1.0448453426361084
0.9830794334411621
0.9969568252563477
1.0402677059173584
1.0611987113952637
0.9679296016693115
1.031409502029419
1.0095434188842773
1.2756364345550537
1.241537094116211
1.1832940578460693
1.1678099632263184
1.2053074836730957
1.2088449001312256
1.1308813095092773
1.2688877582550049
1.1749849319458008
1.068471908569336
1.244889497756958
1.1355171203613281
1.2391700744628906
1.1852035522460938
0.9872469902038574
0.9993677139282227
0.9454803466796875
1.001241683959961
0.9843816757202148
1.0383026599884033
1.0276083946228027
1.1385681629180908
1.0464909076690674
1.039200782775879
1.015256643295288
1.0247578620910645
1.0652916431427002
1.040219783782959
1.0484249591827393
1.056426763534546
1.0767271518707275
1.0412914752960205
0.9875433444976807
0.9984805583953857
1.0476810932159424
2.51792573928833
1.1518800258636475
1.2313218116760254
1.270488977432251
1.1484992504119873
1.055884599685669
1.2159242630004883
1.1397101879119873
1.2232534885406494
2.337449550628662
2.178964138031006
2.3050811290740967
2.33792781829834
2.2575416564941406
2.3404581546783447
1.2722301483154297
1.2864923477172852
2.1510419845581055
2.3472371101379395
2.277541160583496
2.2791342735290527
2.1935958862304688
2.3078558444976807
2.3002238273620605
2.1044604778289795
2.2743563652038574
2.284425735473633
2.301582098007202
2.2120869159698486
2.2539782524108887
1.0602660179138184
1.0554368495941162
1.0615389347076416
0.9879353046417236
0.9843254089355469
1.0527458190917969
0.9878957271575928
1.0100595951080322
1.0290255546569824
1.0763399600982666
1.0874509811401367
1.0333170890808105
1.071423053741455
1.0671350955963135
1.0621047019958496
1.0776922702789307
1.2462408542633057
1.224240779876709
1.1100244522094727
1.1815946102142334
1.1327552795410156
1.1483831405639648
1.1936450004577637
2.293703556060791
2.1684892177581787
2.222109079360962
2.292646646499634
2.1671769618988037
