24.071436405181885
38.297521114349365
23.818599462509155
10.250666379928589
9.748175382614136
9.816413402557373
40.04858112335205
44.101327657699585
11.715702533721924
22.235319137573242
23.677844524383545
26.55153512954712
12.119590044021606
8.476479291915894
23.891367197036743
17.389577865600586
30.782050371170044
6.97711443901062
36.15634202957153
11.49004340171814
21.71395516395569
13.46799087524414
16.878334522247314
34.47659945487976
6.530454635620117
9.3067307472229
6.08603572845459
22.321005821228027
16.66590666770935
42.08099389076233
43.89463186264038
25.011805534362793
23.823346853256226
34.09027981758118
