0.0008309090505123139
0.0016100936688729693
0.004880479923852285
0.0016911981518824893
0.0025634265545973413
0.0008807066790103913
0.00031165172469615934
0.0003415118279593331
0.0014896147551642523
0.001144837371468544
0.0010084309732062476
0.0007564781840456857
0.0020815563473022903
0.0019487926961660384
8.580064551830293e-05
0.00037078930936540873
0.0011050961980036327
0.00010616124819006238
0.0010321049078649944
0.0003207067264080048
0.000909692047214508
0.00209363159527962
0.00010876141974925995
0.0012738990098794302
0.0034183133996089302
0.001157363765338489
0.0009372459722095067
0.0018076144292593003
0.00414725250735283
0.002265239352464676
0.002872482776641846
0.0007319500879526138
0.002901795160484314
0.0007881044574703488
0.00032959868986606603
0.004548828032096228
0.001438305593929972
