1.0260047912597656
0.996830940246582
1.0289371013641357
1.0264456272125244
1.0150206089019775
1.000852108001709
1.0259521007537842
1.06721830368042
1.0280580520629883
1.0672235488891602
1.1127276420593262
2.0917420387268066
2.037290334701538
2.1596689224243164
1.1178257465362549
1.1356782913208008
2.3149824142456055
2.2309939861297607
2.260697841644287
2.3649420738220215
2.2498223781585693
2.331615924835205
2.214387893676758
2.3690476417541504
2.312375068664551
2.1791884899139404
2.162230968475342
2.2154343128204346
2.3630759716033936
1.0325109958648682
1.0514593124389648
0.9853963851928711
1.0195434093475342
1.0411145687103271
1.110619306564331
2.162731885910034
2.153320550918579
2.124119520187378
1.0593972206115723
1.1400327682495117
1.1803069114685059
1.141136646270752
1.2520866394042969
1.1947715282440186
1.1212875843048096
1.2206628322601318
2.071742534637451
2.141273021697998
2.096142530441284
2.136721134185791
2.233968496322632
1.0476102828979492
1.0179636478424072
0.999340295791626
1.0324065685272217
1.4393463134765625
1.0103275775909424
0.9997634887695312
1.0236608982086182
1.0404150485992432
1.0514028072357178
1.0799956321716309
0.9834473133087158
1.0537598133087158
1.0673060417175293
1.0499153137207031
1.0907971858978271
1.113640546798706
1.0609877109527588
1.0437726974487305
1.0565178394317627
1.0313165187835693
1.0597894191741943
1.0970993041992188
1.103294849395752
1.1699726581573486
1.0880916118621826
1.089151382446289
1.0702648162841797
1.0795702934265137
1.052189826965332
1.0604541301727295
1.0215446949005127
1.0467240810394287
1.052729845046997
0.9761886596679688
1.086836338043213
1.0236356258392334
1.0930097103118896
1.0314421653747559
1.0553088188171387
1.0383896827697754
1.0040571689605713
0.9870953559875488
1.6899685859680176
1.167487382888794
1.14125394821167
1.253089427947998
1.1833925247192383
1.2198536396026611
1.2883644104003906
1.134026050567627
1.074789047241211
1.1699199676513672
1.215703010559082
1.1409871578216553
1.1568717956542969
1.1676182746887207
1.2125732898712158
1.115645408630371
0.9900257587432861
0.9828226566314697
1.045508861541748
1.1641924381256104
1.031463623046875
2.3111321926116943
2.24153208732605
2.161085367202759
0.9356667995452881
1.0972375869750977
1.082010269165039
1.2051897048950195
1.0608351230621338
1.0592167377471924
1.05845046043396
1.0403728485107422
0.9761850833892822
1.0287108421325684
1.026836633682251
0.969003438949585
1.0567419528961182
0.9892144203186035
1.0658273696899414
1.0370464324951172
1.0043208599090576
1.0522480010986328
1.0313820838928223
1.0221762657165527
1.0272009372711182
1.0035374164581299
0.9880545139312744
1.014094352722168
1.084801197052002
1.089350700378418
1.0525202751159668
1.0814464092254639
1.0525755882263184
1.054286241531372
1.0571839809417725
1.0535342693328857
1.187187910079956
1.1923413276672363
1.1568291187286377
1.1727187633514404
1.1278510093688965
1.1909139156341553
1.2440440654754639
1.1569838523864746
1.2436251640319824
1.0965566635131836
1.284278392791748
1.1962487697601318
1.152611494064331
1.019319772720337
1.0556597709655762
1.0819323062896729
1.040466070175171
1.0085723400115967
1.0698153972625732
1.1087305545806885
1.0567805767059326
1.0972554683685303
1.032642126083374
1.176062822341919
1.3108904361724854
1.1499006748199463
1.280177354812622
1.08962082862854
1.2073943614959717
1.2106821537017822
1.2455308437347412
1.1797151565551758
1.1882095336914062
1.130100965499878
2.3038485050201416
2.234304666519165
2.262957811355591
2.3191068172454834
1.0336589813232422
1.045844554901123
0.9626076221466064
0.9861171245574951
1.075993537902832
2.1437222957611084
2.097477912902832
1.0200121402740479
1.0612144470214844
1.0485870838165283
1.0086660385131836
1.0706255435943604
1.0552971363067627
1.0886921882629395
1.0795893669128418
1.0869712829589844
1.0769026279449463
1.0697393417358398
1.045426607131958
2.132941246032715
2.2126388549804688
2.0642969608306885
2.0677127838134766
1.3199667930603027
1.2002720832824707
1.2439708709716797
1.0424020290374756
1.2313063144683838
2.248887062072754
2.200960397720337
2.2476062774658203
2.2540225982666016
2.128645420074463
2.267310380935669
2.1463992595672607
2.3674912452697754
2.1983392238616943
2.1727166175842285
1.1666970252990723
1.147562026977539
1.114973783493042
1.128894567489624
1.1506781578063965
2.1359667778015137
2.2340002059936523
2.088824987411499
2.1451098918914795
2.2581729888916016
1.2462241649627686
1.1983952522277832
1.1934175491333008
1.2210161685943604
1.1270670890808105
1.2378876209259033
1.1124370098114014
1.2884273529052734
1.0832600593566895
2.217315673828125
2.374225378036499
2.2452704906463623
2.14652156829834
2.2382755279541016
1.1075439453125
1.0964889526367188
0.960425615310669
1.0521552562713623
0.996452808380127
1.0589993000030518
1.1140339374542236
1.1256518363952637
2.1535096168518066
2.158069372177124
2.1550424098968506
2.129931926727295
2.207411766052246
2.1925108432769775
2.1711277961730957
1.0077803134918213
1.0308477878570557
1.0164744853973389
1.0386428833007812
1.0374813079833984
1.0261132717132568
1.0362069606781006
1.007948398590088
1.062906265258789
1.0181677341461182
1.144444465637207
1.0984234809875488
1.2136332988739014
1.1744801998138428
2.335460662841797
2.226593494415283
2.292983293533325
2.255737066268921
2.236417055130005
2.2394394874572754
2.179520845413208
2.355334758758545
2.228012800216675
2.340394973754883
2.3389461040496826
1.0243806838989258
1.0423684120178223
0.999154806137085
1.0200212001800537
1.9805405139923096
2.1883111000061035
2.1580262184143066
