24.214916706085205
17.58955717086792
44.094701528549194
26.370256900787354
37.99161911010742
22.305542707443237
12.650689840316772
13.648929834365845
19.30478835105896
32.41151404380798
18.302898645401
22.03018856048584
32.81815838813782
28.72496247291565
6.969096660614014
13.908931016921997
15.34267783164978
10.148876190185547
26.40718936920166
11.67720913887024
26.137860536575317
33.15652656555176
7.741059303283691
22.63070774078369
36.37297987937927
20.80083131790161
24.911433219909668
22.548278093338013
43.57855248451233
29.676507472991943
40.95386481285095
20.12453579902649
24.635152339935303
21.157933950424194
11.940624237060547
41.89894342422485
21.019694566726685
