[16]
[5, 8, 15, 13, 1, 18, 19, 8, 10, 0]
[15, 10, 4, 1, 11, 10, 11, 10, 1]
[2, 4]
[3, 16, 2, 2, 17, 14, 8]
[14, 13, 0, 5, 0, 2, 17, 5, 19]
[18, 17, 17, 9, 1, 3, 11, 13, 9]
[13, 19, 12, 19, 0, 4, 13, 2, 17]
[15, 6, 18, 15, 13, 15, 7, 3, 8, 14, 1, 10, 2]
[7]
[18, 20, 15, 12, 1, 12, 17, 16]
[12, 19, 11]
[19, 6, 19, 7, 2, 14, 20]
[6]
[20, 2, 5, 7, 5, 9, 0, 15, 8, 13, 14, 4, 13, 16]
[1, 15, 1, 13, 19, 9, 3]
[2, 1, 18, 5, 12, 6, 3, 1, 0, 20, 10, 6, 20]
[1, 17, 2, 13, 20, 11, 9, 12, 11, 2, 5, 15, 11]
[18, 4, 3, 5, 20, 10, 15]
[6, 3, 20, 17, 12, 5, 13, 12, 14, 8, 3, 19, 9]
[12, 20, 4, 18, 14, 14, 15, 18]
[17, 1, 10, 11, 6, 2, 2]
[13, 4, 18, 12, 2, 7, 10, 15, 9]
[20, 0, 10, 14, 11, 12, 6, 4, 2, 11, 5, 7, 7, 16, 14]
[17, 11, 12, 0, 14, 13, 8, 16]
[8, 16, 7, 18, 14, 7, 9, 13, 0, 13, 15, 9, 17]
[12, 9, 1, 3, 13, 12, 19]
[5, 18, 17, 9, 17, 12, 11, 7, 7, 11]
[15, 16, 0, 20, 16, 4, 14, 20]
[8, 6, 12, 11, 6, 17, 20, 11]
[18, 19, 19, 2, 12, 10, 18, 4, 4]
[16, 16, 12, 14, 9, 12, 15]
[18, 3, 20, 16, 8, 6, 10, 8]
[14, 18, 20, 15, 6, 12, 2, 9, 17]
[10, 20, 11, 3, 16, 0, 9, 14, 17]
[18, 18, 14, 10, 12]
[19, 1, 0, 18, 18, 9, 3, 17, 4, 0]
[8, 15, 17, 13, 10, 12, 17, 20, 5, 13, 8, 11, 8, 20, 0]
[20, 14, 17, 17, 1, 4, 0, 0]
[17, 3, 4, 19, 6, 18, 5, 8]
[6]
