0.00010494430930614472
0.0023702588711977004
0.0022982689213381876
0.0002513288457155228
0.0008856544174398694
0.0032211547041177753
0.0012977763893233405
0.0009870940767288208
0.0024971509823157236
0.00011453148091104297
0.0013129292674541474
0.00035311172132492067
0.0013126259703908649
0.0001149868546485901
0.0021855925932168963
0.000852281159234047
0.002522944520390951
0.002363986539761837
0.0014523826546873366
0.0038828397611893146
0.0011266129016160966
0.0011810415769985742
0.0019163292840321858
0.0035143952831427254
0.0010952715957641603
0.003542310191741357
0.0011760351036923273
0.00191804782602787
0.0024407821310520176
0.0015086219231605531
0.0017994983766555788
0.0014042676349333356
0.0019310347649335862
0.0016621682979663212
0.0018347253882487614
0.0005577954877138138
0.002120979393196106
0.005188015120633444
0.0019520926493167877
0.0008644626692013307
0.00010979010229110719
