0.9835455417633057
0.993821382522583
1.0684173107147217
1.0797958374023438
1.1938211917877197
1.0066230297088623
1.1180658340454102
2.231607437133789
2.0734856128692627
2.137195587158203
2.2232604026794434
1.013023853302002
1.07828950881958
1.0918464660644531
2.117550849914551
2.0468087196350098
2.1354928016662598
2.1963741779327393
2.09045147895813
2.1375837326049805
1.1257681846618652
1.0278637409210205
0.9924590587615967
1.016089677810669
1.0033526420593262
0.9600555896759033
0.9886472225189209
0.999547004699707
2.123798370361328
2.192504644393921
2.083721876144409
2.26466703414917
2.174180030822754
2.15252685546875
2.087348461151123
2.181363344192505
2.098980188369751
2.08777117729187
1.0503652095794678
1.0452399253845215
1.0566058158874512
1.1139698028564453
1.0065786838531494
1.0573756694793701
1.0794804096221924
1.004725456237793
2.200934410095215
1.0202291011810303
1.106410264968872
1.0630087852478027
1.0407376289367676
1.0875718593597412
1.041245937347412
1.08284330368042
1.104041337966919
1.0314321517944336
1.0988028049468994
1.2162363529205322
1.2251572608947754
1.143385410308838
1.037992000579834
1.1437487602233887
1.1009399890899658
1.1644494533538818
1.1923182010650635
1.2684721946716309
2.427475929260254
2.179295539855957
2.1724820137023926
1.0304741859436035
1.0645031929016113
1.0798742771148682
1.0366811752319336
1.0515012741088867
1.0530717372894287
1.0660297870635986
1.0373382568359375
1.1254572868347168
1.0403251647949219
1.0135674476623535
0.9719147682189941
1.0638115406036377
1.0604374408721924
1.0407207012176514
1.0341548919677734
1.0299136638641357
2.179143190383911
2.094747304916382
0.9853200912475586
1.1581428050994873
1.1125273704528809
1.251873254776001
1.213104009628296
1.1899096965789795
1.2306554317474365
1.1389305591583252
1.1709680557250977
1.079289436340332
1.237006664276123
1.1579251289367676
1.1869392395019531
2.3658695220947266
2.235158681869507
1.0461950302124023
1.0654990673065186
1.0610551834106445
1.028946876525879
1.0335395336151123
1.0220112800598145
1.045933485031128
1.2581532001495361
1.1914584636688232
1.137700080871582
1.1353604793548584
1.1905970573425293
1.2252833843231201
1.139983892440796
1.185927391052246
1.1641168594360352
1.1589453220367432
2.0949132442474365
2.15069317817688
2.5273783206939697
1.1583809852600098
1.1734509468078613
1.1833348274230957
1.2362134456634521
1.2069509029388428
1.1039726734161377
1.0881068706512451
1.213907241821289
1.1737220287322998
1.1764330863952637
2.221205472946167
2.254495620727539
2.2441279888153076
1.0731492042541504
1.064518928527832
1.0087237358093262
1.0668871402740479
2.13578200340271
2.0600380897521973
2.105616569519043
1.1866755485534668
1.1428883075714111
1.1007652282714844
1.0886690616607666
1.210437536239624
5.696527004241943
2.207613468170166
2.2119698524475098
2.2284324169158936
2.1524672508239746
2.1497421264648438
2.3618316650390625
2.296910047531128
1.0366902351379395
1.1274948120117188
1.006012201309204
1.0112297534942627
1.1235847473144531
1.0167760848999023
1.0268545150756836
2.305281400680542
1.0550220012664795
1.0553653240203857
1.0366854667663574
1.036557912826538
1.0652410984039307
2.1553282737731934
2.1324143409729004
1.1356487274169922
1.0285241603851318
1.0467033386230469
1.0904431343078613
1.006484031677246
2.1209661960601807
2.0949981212615967
2.06725811958313
2.7778515815734863
1.226238489151001
1.1459100246429443
1.2419350147247314
1.0921721458435059
1.2509243488311768
1.1083874702453613
1.1921000480651855
1.1842939853668213
2.200670003890991
2.248202323913574
2.13629412651062
2.2384352684020996
2.2574191093444824
2.326449155807495
2.2474164962768555
1.0200555324554443
1.0779080390930176
1.0638463497161865
0.9998471736907959
1.0205893516540527
0.964195728302002
1.0440959930419922
2.1948225498199463
1.239013671875
1.1386616230010986
1.1611747741699219
1.1583781242370605
2.1798043251037598
2.33278489112854
2.2157907485961914
2.1964304447174072
2.1587934494018555
2.159785509109497
2.1785004138946533
2.300575017929077
2.244241714477539
1.0949926376342773
1.0603032112121582
1.0141355991363525
1.0914900302886963
0.9873969554901123
2.134104013442993
2.1137659549713135
1.018836259841919
1.1448819637298584
1.0520286560058594
1.156585931777954
1.0507011413574219
1.0360500812530518
2.1334898471832275
2.2034072875976562
2.1361258029937744
2.2063920497894287
0.9795758724212646
2.1331491470336914
2.099966049194336
2.105252742767334
2.0859944820404053
2.270555257797241
1.9941675662994385
2.1600167751312256
1.0105700492858887
1.0180275440216064
1.065575122833252
1.081481695175171
1.0027408599853516
2.203643560409546
2.1271655559539795
2.167435884475708
0.9912521839141846
1.020988941192627
1.01997709274292
1.0527641773223877
1.0186553001403809
2.069950580596924
2.0750977993011475
2.0761868953704834
2.1679916381835938
1.0459966659545898
1.0586190223693848
1.0227875709533691
1.0092542171478271
2.022003650665283
2.038435220718384
1.9692842960357666
1.0400841236114502
1.0241212844848633
1.0411098003387451
2.072779893875122
2.054680347442627
2.073727607727051
2.2117040157318115
2.10942006111145
0.9994943141937256
1.0198781490325928
1.0750789642333984
1.0730054378509521
1.0153465270996094
0.9867336750030518
2.0989620685577393
2.122405529022217
2.07224178314209
1.0070278644561768
1.0526397228240967
1.0413541793823242
1.0809128284454346
1.054351568222046
2.139092445373535
2.1085205078125
2.1657581329345703
2.107343912124634
1.044792652130127
1.0043859481811523
1.0827956199645996
1.047715425491333
1.0480093955993652
1.1955010890960693
1.0752959251403809
1.128492832183838
1.0282630920410156
1.1325247287750244
1.0755419731140137
1.1517908573150635
2.1942298412323
2.152269124984741
2.3240277767181396
1.1669931411743164
1.1384665966033936
2.435077667236328
2.248415231704712
2.374764919281006
2.3263697624206543
2.3006486892700195
2.3867993354797363
2.2814836502075195
2.372647762298584
2.3039681911468506
2.2935404777526855
2.2015163898468018
2.3061001300811768
2.2815487384796143
1.0217881202697754
0.9992952346801758
0.9897501468658447
2.1223840713500977
2.174757480621338
2.0857598781585693
2.211608409881592
2.1708927154541016
1.1032593250274658
1.05295729637146
1.0541894435882568
1.0529050827026367
1.002624273300171
1.028874397277832
1.0442428588867188
1.0486066341400146
0.9407892227172852
