7.9885735511779785
25.330566883087158
26.603168725967407
6.80312180519104
20.97371482849121
26.887121438980103
26.353033304214478
28.321444272994995
36.213075160980225
12.33907151222229
16.27366352081299
10.700164079666138
19.198617219924927
4.861953258514404
40.03711700439453
23.967892169952393
35.591310262680054
38.45332670211792
21.07045030593872
41.422523736953735
24.00394034385681
21.154011964797974
27.264965057373047
43.57119965553284
24.064130067825317
38.64847660064697
20.83252739906311
29.85679006576538
23.988999843597412
24.02082395553589
26.56485104560852
20.71497678756714
23.909137725830078
26.788087368011475
26.7283673286438
20.522543907165527
24.773934364318848
44.19383215904236
24.097827672958374
27.10455632209778
6.829460382461548
