[3, 26, 7, 16, 6, 4, 20, 19, 25, 12, 9, 0, 26, 11, 21]
[6, 12, 4]
[24, 6, 14, 7, 21, 4, 17, 21, 2, 7]
[6, 11, 7, 3, 16, 19, 9, 16, 13, 18, 2, 13, 13, 4, 13]
[26, 23, 6, 26, 6, 3, 13, 3, 12]
[0, 13, 26, 22, 5, 16, 25, 15, 16, 13, 23, 18, 14, 25]
[13, 19, 10, 8, 8, 13, 7]
[26, 14, 1, 15, 5, 13, 16, 26, 8, 7, 6, 9, 22]
[11, 4, 0, 22, 21, 6, 24, 14, 16]
[15]
[26]
[23, 19, 23, 1, 9, 16, 18]
[23, 17, 9, 19, 20, 2, 26, 6, 1]
[19, 0, 9, 7, 20, 17, 13]
[19, 22, 2, 14, 5, 4, 23, 16, 9]
[24, 15, 4, 2, 1, 11, 10, 12, 4]
[19, 16, 21, 0, 16, 4, 25, 20, 12]
[24]
[8, 18, 10]
[12, 5, 17]
[0, 21, 25, 25, 18, 25, 22, 10, 13, 19, 17, 16, 26]
[2, 13, 18, 7, 7, 6, 8]
[14, 19, 13, 26, 25, 20, 16, 6, 22, 16]
[22, 19, 16, 24, 6, 24, 0, 22, 16, 25]
[2, 8, 7]
[24]
