0.004692316502436003
0.0003126716377655664
0.002202323321390152
0.005095396112839381
0.0012858890787707435
0.0029961800733600344
0.0011545576021943773
0.003356015593264654
0.002270869150095516
0.00010720770229559679
0.00015665580101013185
0.0008052781102929796
0.0011512877881526948
0.0008211926859405306
0.0010672549313545227
0.0013506808449904124
0.0012004546998156443
0.00011623120272159577
0.0003164840123653412
0.00041570766579310096
0.002075782592676236
0.0008912754894560034
0.001501666335630417
0.0016124665361881257
0.0003318178076028824
0.00010201256151199341
