1.2207167148590088
1.164989709854126
1.223872423171997
2.3119959831237793
2.4189565181732178
2.234689712524414
2.2614991664886475
2.1999711990356445
2.2710065841674805
2.209582567214966
2.233715057373047
2.3107316493988037
2.212400436401367
2.1807069778442383
2.140578269958496
0.9995076656341553
1.0599863529205322
1.0661804676055908
1.091048240661621
1.0301175117492676
1.0807220935821533
1.0671753883361816
1.0647127628326416
2.249239444732666
2.1033525466918945
2.125906229019165
2.0896239280700684
2.208733320236206
1.2255167961120605
1.2014777660369873
2.1565144062042236
2.215327739715576
2.296302080154419
2.13604736328125
2.1381962299346924
2.236267566680908
2.332921028137207
2.320274591445923
2.3086159229278564
2.355252504348755
2.304762840270996
2.2642874717712402
2.3478281497955322
1.007721185684204
1.0523240566253662
1.0406804084777832
1.0357325077056885
1.0382554531097412
1.0919888019561768
1.0746526718139648
1.080627679824829
2.0960593223571777
1.146803855895996
1.2817609310150146
1.1208491325378418
1.172346830368042
1.116020679473877
1.2496216297149658
1.2493700981140137
1.2653186321258545
2.2661290168762207
2.2182791233062744
2.131852865219116
2.12583589553833
2.2573678493499756
2.2725415229797363
0.9918549060821533
1.024946928024292
1.0092997550964355
1.0268139839172363
1.0183510780334473
2.1378116607666016
2.11368465423584
1.197749376296997
1.0962626934051514
1.189502477645874
1.0682706832885742
1.0210070610046387
2.1134917736053467
2.26161789894104
2.24417781829834
2.2796056270599365
2.2197389602661133
2.19236421585083
2.247744560241699
2.2352938652038574
1.0122778415679932
1.043083906173706
1.006965160369873
2.1364657878875732
1.9804821014404297
2.0706539154052734
2.1359214782714844
2.143859386444092
2.1880650520324707
1.0194573402404785
0.9397468566894531
1.0185465812683105
1.0387225151062012
1.065080165863037
1.0672965049743652
1.05601167678833
1.0722689628601074
1.0323758125305176
0.9955554008483887
1.0473759174346924
1.0570018291473389
1.04038667678833
1.1996676921844482
1.0436007976531982
1.0543785095214844
1.0846788883209229
1.0687549114227295
1.0590054988861084
1.0692598819732666
1.0440394878387451
1.051501750946045
1.105597734451294
1.047055721282959
1.0120575428009033
1.0829477310180664
1.0888843536376953
1.074181079864502
1.100740909576416
1.0813236236572266
1.171142339706421
1.1701836585998535
1.0525610446929932
1.0265889167785645
1.0843651294708252
1.0778307914733887
1.0374934673309326
1.47763991355896
1.0735812187194824
1.067549467086792
1.0533199310302734
1.150498628616333
1.1052958965301514
1.0687923431396484
1.106628656387329
1.0902588367462158
1.0423717498779297
1.114664077758789
1.1417579650878906
1.0714442729949951
1.089730978012085
1.0935752391815186
0.9959828853607178
0.969322681427002
1.0429222583770752
0.9538657665252686
1.073216199874878
1.0264403820037842
1.017371654510498
1.254563808441162
1.1659595966339111
1.1788241863250732
1.2338953018188477
1.1394550800323486
1.1667819023132324
1.0896327495574951
1.185819149017334
1.1332409381866455
1.2004363536834717
1.2264275550842285
1.188246250152588
1.107598066329956
1.0625810623168945
1.0908000469207764
1.0641140937805176
1.0125036239624023
1.025237798690796
1.0681207180023193
1.0276439189910889
1.0763163566589355
1.0815579891204834
1.1735856533050537
1.0579922199249268
1.1125340461730957
1.1072542667388916
1.0749537944793701
1.1005010604858398
1.1436426639556885
1.0567851066589355
1.1505701541900635
1.0412287712097168
1.0890908241271973
1.0729939937591553
1.1504120826721191
1.120948314666748
1.1923534870147705
1.0327033996582031
1.0464951992034912
1.0947957038879395
1.055009126663208
1.0457518100738525
1.009059190750122
0.9560689926147461
