0.0018449417300462725
0.005143326437735558
0.001003861651134491
0.0012263767052412035
0.0008962695291996003
0.0011308310099495782
0.00020954414995511369
0.002359765593523246
0.00033326324842316765
0.0003101209948539734
0.002379492709318797
0.0006666364755392075
0.0018374517026424411
0.0013767279564857481
0.0011492834422009333
0.0014186566841390398
0.00011648795750141144
0.0024712038207457617
0.0008542224012136459
0.001315019518298573
0.0014611548992978203
0.004225257673788071
0.000792213362288475
