1.0240843296051025
1.0383856296539307
1.0652554035186768
1.0381057262420654
0.9952752590179443
2.1160671710968018
2.133941650390625
2.1626176834106445
2.2598717212677
1.1855452060699463
1.1567621231079102
2.263549566268921
2.321322202682495
2.352374792098999
2.372161626815796
2.42059326171875
2.1815552711486816
2.136138677597046
2.214658260345459
2.3305954933166504
2.212902784347534
2.3578200340270996
2.216249942779541
2.416865348815918
1.0770573616027832
1.0188007354736328
1.0665287971496582
1.056391716003418
1.0503196716308594
1.0268990993499756
1.0424363613128662
1.024756908416748
1.0404534339904785
1.0702602863311768
1.0226454734802246
1.0705292224884033
0.9858582019805908
1.1098058223724365
1.0572364330291748
1.1421561241149902
1.0254089832305908
1.0386898517608643
1.0601415634155273
1.0575454235076904
1.0483980178833008
1.028285026550293
0.999276876449585
1.003671646118164
0.9884932041168213
1.0467512607574463
1.056138277053833
1.017909288406372
0.9951572418212891
1.030193567276001
1.0742580890655518
1.037158489227295
1.0895185470581055
1.0052247047424316
1.1452319622039795
1.2657432556152344
1.1339023113250732
1.2381618022918701
1.2448229789733887
1.1187224388122559
1.0988550186157227
1.174032211303711
1.0663864612579346
1.0978474617004395
1.1884562969207764
2.2344934940338135
2.3533990383148193
1.0589466094970703
1.0022649765014648
0.9807009696960449
0.9596796035766602
1.0327746868133545
0.9837548732757568
1.2041633129119873
1.2319138050079346
1.1702427864074707
1.311903715133667
1.215883731842041
1.0644311904907227
1.097165584564209
1.2184627056121826
1.1832854747772217
1.1797144412994385
1.1488254070281982
1.1511147022247314
1.2081608772277832
1.2308323383331299
1.2256348133087158
1.0801515579223633
1.0689315795898438
1.049473524093628
1.004892110824585
1.0580861568450928
1.0088098049163818
0.9967617988586426
1.0636868476867676
1.032449722290039
1.188150405883789
2.1038830280303955
2.1077332496643066
2.1038331985473633
2.172135353088379
1.0103671550750732
1.0324547290802002
1.0554208755493164
1.0228726863861084
1.044701337814331
1.0307598114013672
2.2446415424346924
2.214570999145508
1.0271520614624023
0.9858100414276123
0.9360833168029785
1.0034875869750977
1.0501563549041748
2.170945405960083
2.1065406799316406
1.0255188941955566
1.0856139659881592
1.003969669342041
1.0817711353302002
1.058377981185913
1.0136382579803467
1.0413849353790283
2.162276029586792
2.1314754486083984
0.998183012008667
1.174494981765747
1.0796778202056885
1.3433940410614014
1.1401617527008057
1.2275502681732178
1.211681604385376
1.1517360210418701
1.046295404434204
1.2462282180786133
1.2368931770324707
1.08925199508667
1.0793921947479248
2.304720163345337
1.0819222927093506
0.99298095703125
1.028512954711914
1.0394227504730225
1.0136492252349854
2.1633267402648926
1.0233352184295654
1.0667510032653809
1.0666704177856445
1.0489256381988525
1.0291407108306885
0.984440803527832
2.4362990856170654
1.0296084880828857
2.1464548110961914
0.9966878890991211
0.9883072376251221
1.126307725906372
1.0372512340545654
1.1062705516815186
1.0348708629608154
1.023998737335205
2.30148983001709
2.3364601135253906
1.252854585647583
1.2966606616973877
1.208495855331421
1.2506978511810303
1.1364667415618896
2.2628419399261475
2.061758279800415
2.2872190475463867
2.213449239730835
2.280766248703003
2.309781074523926
2.262946367263794
2.4201550483703613
2.2927308082580566
2.2652053833007812
0.9869711399078369
1.0556480884552002
1.0448250770568848
1.0563032627105713
1.0101196765899658
1.0521268844604492
1.0250575542449951
