0.0008386028738737107
0.002065990370082855
0.0027985763899326327
0.00012057597327232362
0.0008988592755828585
0.000722979752612114
0.0011773619377772014
0.00020692507174015044
0.0013701027690410613
0.001030006383224896
0.0031224861543258033
0.002773597178033682
0.00011794910588264464
0.0010564108599106473
0.0008235535643895467
0.0006181128745144063
0.00022930736553668978
0.0014160982053995133
0.0022640059428180965
0.0031339722368512834
0.002199226120415101
0.001117186092154185
0.0014434366487688487
0.00011719478830190806
0.002525259326529503
0.0010578966587252087
0.0012199129190444947
0.0011776063162856633
0.0002130490399360657
0.0029741163376501628
0.0007180494486252467
0.000666043869137764
0.00012337376010417939
0.0003628586913108826
0.0017538153738600867
