1.0119407176971436
1.0521588325500488
0.9993569850921631
1.0399847030639648
1.0163259506225586
2.066204309463501
1.0174715518951416
2.063795566558838
1.978809118270874
2.1501786708831787
2.114229440689087
2.079630136489868
2.150982141494751
2.1212949752807617
2.084567070007324
2.0839200019836426
2.050933599472046
2.0727739334106445
2.0418667793273926
2.1035690307617188
2.229175329208374
1.0332131385803223
1.0010323524475098
1.0169625282287598
1.0059590339660645
1.0477209091186523
1.0362563133239746
1.0224390029907227
1.0254192352294922
1.048689603805542
1.0384962558746338
1.0477802753448486
1.047029733657837
1.0093693733215332
1.055901288986206
0.9966223239898682
1.0628581047058105
1.0791301727294922
1.071998119354248
1.0669167041778564
1.0589349269866943
1.093057632446289
1.0936269760131836
1.0873987674713135
1.0164134502410889
0.9303021430969238
1.009014368057251
1.102064847946167
1.0738575458526611
1.072420358657837
1.0368437767028809
1.022101879119873
1.023082971572876
4.380677938461304
1.029334306716919
1.1117143630981445
1.1093766689300537
1.061464786529541
1.000779151916504
1.0781707763671875
1.016282081604004
1.0790791511535645
1.1928431987762451
1.2022960186004639
1.1646544933319092
1.1968812942504883
1.2030465602874756
1.2924184799194336
1.2356557846069336
1.2082934379577637
1.067103385925293
1.2704694271087646
1.183422565460205
1.2641687393188477
1.2628967761993408
2.3416576385498047
2.27380633354187
1.0680596828460693
1.1155202388763428
1.181835412979126
1.196789026260376
1.0775072574615479
1.1431207656860352
1.1457819938659668
1.1858773231506348
2.2064054012298584
2.209960460662842
2.313181161880493
2.189183235168457
2.3712618350982666
1.0107035636901855
1.1092054843902588
1.1020994186401367
1.0276851654052734
1.1233186721801758
1.1002321243286133
1.0667517185211182
1.126795768737793
1.0741474628448486
1.01824951171875
1.0270729064941406
1.048372745513916
0.9798412322998047
1.0376570224761963
1.0417711734771729
1.0403928756713867
1.0477652549743652
0.9896910190582275
1.0000507831573486
1.0107855796813965
0.9974403381347656
0.9516575336456299
0.9722552299499512
0.9926750659942627
1.1197149753570557
1.1261417865753174
1.1220471858978271
1.1209423542022705
1.0527634620666504
1.154402256011963
1.1116714477539062
1.0845973491668701
1.1349406242370605
1.1495599746704102
1.1415491104125977
1.2354457378387451
1.1688189506530762
1.2430856227874756
1.2660841941833496
1.1317808628082275
1.1907093524932861
1.1213576793670654
1.1173698902130127
1.1190955638885498
1.1305232048034668
1.23651123046875
1.1616520881652832
1.1265859603881836
1.257411241531372
1.2174098491668701
1.1117148399353027
1.1543409824371338
1.231628179550171
1.258110761642456
1.1086299419403076
1.2161290645599365
1.0685882568359375
1.2029330730438232
2.20719575881958
2.161290168762207
2.2316648960113525
2.1351478099823
1.1410129070281982
1.2464699745178223
1.174689531326294
1.191476821899414
1.0761497020721436
1.1718254089355469
1.1740312576293945
1.1181700229644775
1.1474230289459229
1.1353847980499268
2.30754017829895
2.120626449584961
2.239051342010498
1.0326852798461914
1.1151282787322998
1.0550205707550049
1.0491154193878174
2.0854310989379883
2.0394208431243896
1.0660762786865234
1.0749096870422363
1.017329454421997
0.9759559631347656
1.1017379760742188
1.0330843925476074
1.080653190612793
2.247451066970825
2.2095181941986084
0.972198486328125
1.2584011554718018
1.263578176498413
1.3053061962127686
1.2655344009399414
1.1680238246917725
1.1465606689453125
1.1563994884490967
1.2691709995269775
1.084498643875122
1.282047986984253
1.1158041954040527
1.1195178031921387
1.2456846237182617
1.1980488300323486
1.154695987701416
1.1109755039215088
1.0554723739624023
1.061572551727295
1.0079002380371094
1.075247049331665
1.1108791828155518
1.059587001800537
1.020369291305542
1.0162112712860107
0.9782874584197998
1.091740369796753
1.004460096359253
1.050980567932129
0.9942958354949951
1.0564002990722656
1.0610785484313965
2.2048072814941406
1.0927388668060303
1.0361919403076172
1.0467851161956787
1.0230445861816406
1.0323514938354492
1.0576770305633545
1.0539467334747314
1.016178846359253
2.236363649368286
1.0211021900177002
0.9756085872650146
1.1274287700653076
1.2156257629394531
1.2237632274627686
1.223381519317627
1.1378490924835205
1.1112205982208252
1.1577539443969727
1.1448462009429932
1.1359074115753174
2.3182449340820312
2.2884840965270996
2.2687904834747314
2.1160452365875244
2.0621659755706787
1.0584967136383057
2.0589115619659424
2.2666165828704834
1.0385348796844482
0.9790525436401367
1.0221242904663086
1.0151722431182861
0.9792783260345459
1.045257568359375
1.0571873188018799
1.1383028030395508
1.0384140014648438
0.9913816452026367
1.0571486949920654
1.0467236042022705
2.0998549461364746
2.0945491790771484
2.081522226333618
2.135715961456299
