17.858880758285522
20.75998091697693
23.980995655059814
9.072124481201172
30.71255874633789
22.255881786346436
24.46859836578369
10.029576063156128
24.962451934814453
16.93989086151123
33.14247941970825
37.98245620727539
6.8626391887664795
29.597300052642822
16.0625741481781
23.120167016983032
15.131078958511353
25.256269931793213
34.39643454551697
33.67421746253967
38.09994578361511
18.380887746810913
27.04354691505432
16.50524401664734
34.408710956573486
26.538843631744385
20.5675311088562
26.704185247421265
9.7700355052948
37.80922198295593
9.830295085906982
19.34546208381653
7.016629219055176
4.795637607574463
18.840447664260864
