0.000350970307125364
0.001965750465872553
0.0013569820377588274
0.003221801702833176
0.0007913627676301532
0.0010486465020285714
0.0007397145272254944
0.0011070462696530603
0.0012320769318103792
0.001029022072037061
0.0010201594915253776
0.001434517886704869
0.002692169920372963
0.0014212760444641114
0.0034961219062034903
0.0008007044702802385
0.0009106108436652592
0.003700781801400866
0.003292132247247015
0.002100741724205017
0.0010913571464758653
0.00031300751457214354
0.0007976972195784253
0.0001178113117759878
0.0009723781033841046
0.0012112484380960467
0.0003387390756898456
0.0005904930032219205
0.0006950944160018648
0.0012678436354319254
0.0011709032957103519
0.002618732314712661
0.001091152117919922
0.0034174425458908084
0.003357181410353001
