1.0942156314849854
1.0586726665496826
1.0506482124328613
1.0424108505249023
1.0512962341308594
0.9770247936248779
1.0243051052093506
0.9785411357879639
1.0967895984649658
2.1967356204986572
2.122736692428589
2.1444199085235596
1.0537042617797852
1.0408530235290527
1.0513653755187988
1.078984022140503
1.0470244884490967
1.0381832122802734
1.0294029712677002
1.0075747966766357
1.0756433010101318
2.205216884613037
2.038008213043213
2.1370372772216797
2.204953670501709
2.052154779434204
2.147474527359009
2.3736815452575684
2.0795528888702393
2.1526763439178467
2.1414055824279785
1.0941836833953857
1.046473741531372
1.0200681686401367
0.98819899559021
1.0261797904968262
0.957134485244751
0.9878900051116943
1.0528640747070312
1.0561201572418213
1.053600788116455
1.0508496761322021
1.0496776103973389
1.0677845478057861
1.0194718837738037
1.0323500633239746
1.0522692203521729
1.073927640914917
1.0546512603759766
1.1069135665893555
1.0115270614624023
1.038898229598999
1.0526814460754395
1.0753824710845947
1.1773793697357178
1.0954999923706055
1.070422887802124
1.0143284797668457
1.0783042907714844
0.9991960525512695
1.0617620944976807
1.0425753593444824
1.1265347003936768
1.043581485748291
1.0238251686096191
1.0038037300109863
1.0006239414215088
0.9975955486297607
1.032627820968628
1.054436206817627
1.0284299850463867
1.0533435344696045
1.074544906616211
1.0431652069091797
1.0609281063079834
1.0070598125457764
1.0479633808135986
1.088747501373291
1.0201671123504639
1.0936932563781738
1.059474229812622
1.0660970211029053
1.081547498703003
1.0463440418243408
0.9971485137939453
1.065704345703125
1.0768661499023438
1.0518715381622314
1.0019326210021973
1.0576071739196777
1.0046045780181885
1.0602257251739502
1.1298861503601074
1.0371074676513672
1.04327392578125
2.2623260021209717
2.136800765991211
1.2111153602600098
1.1680927276611328
1.2278273105621338
1.2055857181549072
1.2184574604034424
1.210965871810913
1.121142864227295
1.1639928817749023
1.1638755798339844
1.1989099979400635
1.1267645359039307
1.2049212455749512
2.414165735244751
2.3045666217803955
2.307997465133667
1.0690646171569824
1.1150028705596924
1.1570444107055664
1.1343867778778076
1.0764777660369873
1.0594782829284668
1.088550329208374
1.1612393856048584
1.1352157592773438
2.1824262142181396
1.0215308666229248
1.1768391132354736
1.1328392028808594
1.1873407363891602
2.261263132095337
2.1637825965881348
2.120544910430908
2.225446939468384
2.1559393405914307
2.1977977752685547
2.220822811126709
2.224463939666748
2.2537295818328857
1.0799098014831543
0.9936428070068359
1.086472511291504
1.0519139766693115
1.0433273315429688
1.0194082260131836
1.0338809490203857
1.0694043636322021
1.0721979141235352
1.0633161067962646
1.010033369064331
0.9964191913604736
1.0082087516784668
2.092163562774658
1.1967604160308838
1.2405612468719482
1.189861536026001
1.1811742782592773
1.2247161865234375
1.1608712673187256
2.3556220531463623
2.260847330093384
2.1565144062042236
2.3733701705932617
2.289947509765625
2.2595112323760986
2.3405745029449463
2.2446138858795166
1.1482834815979004
1.1292803287506104
1.234114646911621
1.1603224277496338
1.2081913948059082
1.0889811515808105
1.1443626880645752
2.31022310256958
2.13649320602417
2.2200701236724854
2.2399861812591553
2.2935147285461426
2.2728476524353027
2.2471542358398438
1.025287389755249
1.1191956996917725
1.0972211360931396
1.090500831604004
1.1917757987976074
1.1286795139312744
2.2563602924346924
2.229114532470703
2.061145305633545
2.1682522296905518
1.864542007446289
1.0361387729644775
1.1205735206604004
1.067652940750122
1.0593349933624268
1.0358514785766602
1.0369946956634521
1.0821373462677002
1.07468581199646
1.0642857551574707
1.0358710289001465
1.0288753509521484
1.030867099761963
1.0631794929504395
1.048332929611206
1.0590488910675049
1.068784236907959
1.056424856185913
1.034456491470337
0.9716761112213135
1.003995418548584
1.037431001663208
1.0400519371032715
1.0386412143707275
1.0887467861175537
1.0369362831115723
1.071488380432129
1.0747945308685303
1.042649507522583
1.0858299732208252
1.0633411407470703
1.0949621200561523
1.124112606048584
1.0182158946990967
1.0618767738342285
1.0582189559936523
1.0414202213287354
0.994948148727417
1.016355037689209
1.0364341735839844
1.100867509841919
1.0687379837036133
1.074091911315918
1.0623140335083008
1.083806037902832
1.017052412033081
1.0802078247070312
1.0839557647705078
1.0901403427124023
1.0320780277252197
1.0411489009857178
1.0625078678131104
1.1742968559265137
1.0533654689788818
1.0776913166046143
1.0274763107299805
1.0157301425933838
1.038602352142334
1.0426483154296875
1.014132022857666
1.0014698505401611
1.1249630451202393
1.0711479187011719
1.0587425231933594
1.0487210750579834
1.0077435970306396
1.1030712127685547
1.079988718032837
1.081657886505127
1.0889475345611572
1.2138075828552246
1.1241297721862793
1.1957495212554932
1.2035760879516602
1.246044635772705
1.2346112728118896
1.2291626930236816
1.2077012062072754
1.0997035503387451
1.2470042705535889
1.1674003601074219
1.032764196395874
1.1219017505645752
1.079486608505249
1.0611631870269775
1.0628547668457031
1.0262393951416016
1.020596981048584
1.0783944129943848
1.0737318992614746
1.042982578277588
1.0661225318908691
1.2476530075073242
1.169734239578247
1.0772624015808105
1.265472412109375
1.185692548751831
1.1591155529022217
1.165804147720337
1.224114179611206
1.2160444259643555
2.297203540802002
2.3319103717803955
2.255740165710449
2.31420636177063
2.3193743228912354
1.1549646854400635
1.1745426654815674
1.1633076667785645
1.175767421722412
1.1903841495513916
2.1762561798095703
2.07466459274292
2.214407205581665
2.2148938179016113
2.1298811435699463
2.1963064670562744
2.2665915489196777
2.242976665496826
