13.929986715316772
22.297882080078125
29.36379837989807
26.80953335762024
22.96599054336548
27.05509614944458
18.039307117462158
30.810943365097046
23.648845911026
29.983125686645508
17.56584596633911
26.91347885131836
43.61742949485779
29.439982652664185
38.10865640640259
20.714659929275513
21.154798984527588
41.14117169380188
41.25384521484375
29.42223048210144
31.9519681930542
9.6032075881958
26.165586233139038
14.03597617149353
28.975529193878174
19.710662603378296
16.05259895324707
17.372182846069336
19.086885452270508
23.51581835746765
24.856645822525024
28.591837406158447
20.448002815246582
37.830317735672
37.98977851867676
